,subproduct_author_id,verified_purchase,review_title,reviews,date,reviewer_name,ratings,people_find_helpful,reviewer_profile_url,start_time,end_time,product_name,brand_name,rank,product_id,author_id
0,AG3QMNKSKMWE25KYMLKHQRVXGTXQ,True,Is this for real?,"Bought three touques, and two of them seem real. Black one is made in Canada, blue one in the USA. The Coal Heather is made in China. It also doesn’t have a genuine label inside. On Carhartt.com it says all touques with exception of Brite orange, Brite Lime, Black, and Dark Green is made in USA. The black one is made in Canada, and is of very good quality, but the Coal Heather is supposed to be made in USA, but the tag doesn’t say that. It is also of poor quality. It. Has loose stitching, its too tight, the fabric is rough, too small, and the outside label is noticeably shinier than the other two. The other two are not the same as each other either, but they seem higher quality though.","September 15, 2018",Amazon Customer,1.0,181,https://www.amazon.ca/gp/profile/amzn1.account.AG3QMNKSKMWE25KYMLKHQRVXGTXQ/ref=cm_cr_arp_d_gw_btm?ie=UTF8,2020-09-21 09:17:24.897882,2020-09-21 09:17:25.040378,Carhartt Men's Acrylic Watch Hat,Carhartt Sportswear - Mens,2,B002G9UDYG,AE7SSZYOT6UWUSBEJFS3K2RTRRTQ
1,AGG3XVYKG6CQDIONI2ICTRFFUV7A,True,Canada warm..,"Keeps my head warm, doesn't stretch out after wearing all day and best of all, no itchy toque head. Price and free shipping, can' t beat it!!","February 17, 2019",Rob & Jen,5.0,73,https://www.amazon.ca/gp/profile/amzn1.account.AGG3XVYKG6CQDIONI2ICTRFFUV7A/ref=cm_cr_arp_d_gw_btm?ie=UTF8,2020-09-21 09:17:25.045257,2020-09-21 09:17:25.189705,Carhartt Men's Acrylic Watch Hat,Carhartt Sportswear - Mens,2,B002G9UDYG,AE7SSZYOT6UWUSBEJFS3K2RTRRTQ
2,AFO7FF2YAITMN2YAGSAIBTHWUJDA,True,Pleasantly surprised!,"I read a lot of reviews on both the adult and toddler toques/""hats"" and was concerned about quality, size, and colour accuracy. I wanted to get matching toques for my 1 year old son and myself. I bit the bullet because they were such a great price. They came super fast and I was very pleased when I opened the package. While the Amazon picture for the Carhartt brown hat was darker than the one for the adult hat, when they arrived, both were the legitimate Carhartt Brown colour. Matchy matchy! (note, the picture I provided has poor lighting, so they look a bit different, but trust me, they could have come from the exact same batch of dye). I was also worried that the toddler hat would stand very tall and loose (as shown in the Amazon advertisement photo), but no, it is about the same proportion as the adult toque.
Both are of the exact same quality and fabric. Both have legit Made in USA tags on them. My only issue is that my 1 year old has a big head and I might need to exchange this toque for the young child size.","October 21, 2019",Nathan Buhler,5.0,11,https://www.amazon.ca/gp/profile/amzn1.account.AFO7FF2YAITMN2YAGSAIBTHWUJDA/ref=cm_cr_arp_d_gw_btm?ie=UTF8,2020-09-21 09:17:25.193609,2020-09-21 09:17:25.313657,Carhartt Men's Acrylic Watch Hat,Carhartt Sportswear - Mens,2,B002G9UDYG,AE7SSZYOT6UWUSBEJFS3K2RTRRTQ
3,AF2CHWP2QX5VJJTIXBHZSCZN26FA,True,Extremely Warm Hat,"Pro's
+ Very warm (almost hot)
+ Highly adjustable fold (double cover for the ears)
+ Label can be removed easily with an exacto knife
+ Seems to be fairly durable and well made

- Each hat color seems have a slightly different size/elasticity (could be caused by washing and/or due to use)
- Label sits very high on your head if you wear this toque as you would a ""normal"" toque (can easily be removed)","March 25, 2019",Jonathan Nowak,5.0,9,https://www.amazon.ca/gp/profile/amzn1.account.AF2CHWP2QX5VJJTIXBHZSCZN26FA/ref=cm_cr_arp_d_gw_btm?ie=UTF8,2020-09-21 09:17:25.316585,2020-09-21 09:17:25.462010,Carhartt Men's Acrylic Watch Hat,Carhartt Sportswear - Mens,2,B002G9UDYG,AE7SSZYOT6UWUSBEJFS3K2RTRRTQ
4,AGF7NCMMZKGYPKZD5PMEMDDWMPBQ,True,Amazing hat!,This is my favourite hat of all time. I wear it nearly every day and it fits great. I get compliments on it all the time and it’s great value for the quality of the hat.,"December 12, 2019",Tori Hannah,5.0,6,https://www.amazon.ca/gp/profile/amzn1.account.AGF7NCMMZKGYPKZD5PMEMDDWMPBQ/ref=cm_cr_arp_d_gw_btm?ie=UTF8,2020-09-21 09:17:25.466889,2020-09-21 09:17:25.583032,Carhartt Men's Acrylic Watch Hat,Carhartt Sportswear - Mens,2,B002G9UDYG,AE7SSZYOT6UWUSBEJFS3K2RTRRTQ
5,AGMAGRLZ3V2WZTQ7HUUSAKEW3FRA,True,Elegant Hat (or Touque as they call it here in Canada),"Ordered the Dark Brown/Sandstone color & it looks great! It's made in USA & the one-size-fits-all holds definitely true. It easily fits a naughty 5 year old or even naughtier 30+ year old.

The 100% Acrylic thing will be confirmed within a year or two. I got a Genuine Levis Touque from a Levis store last time & within a year, it has lint hanging all over it so I have trust issue now until I see something last.","January 5, 2020",FT,5.0,3,https://www.amazon.ca/gp/profile/amzn1.account.AGMAGRLZ3V2WZTQ7HUUSAKEW3FRA/ref=cm_cr_arp_d_gw_btm?ie=UTF8,2020-09-21 09:17:25.586936,2020-09-21 09:17:25.706007,Carhartt Men's Acrylic Watch Hat,Carhartt Sportswear - Mens,2,B002G9UDYG,AE7SSZYOT6UWUSBEJFS3K2RTRRTQ
6,AH342COKFARF6T4TMY2XTTSE2RYQ,True,They are good,"I bought three different colours. There was a slight difference in fit between the three. I have a very large head were my wife has normal size. Her fit is fine, mine is a teeny bit smug. Pull the turned up flap down and there is a very relaxed fit. When I pull the brim up as shown in pics mine is snug. But as I said, I have a large Mellon. Overall the are perfectly fine and a decent product. No buyers remorse. The cobalt blue or whatever it's called is a bright vibrant blue.","April 13, 2018",Chris up north,4.0,7,https://www.amazon.ca/gp/profile/amzn1.account.AH342COKFARF6T4TMY2XTTSE2RYQ/ref=cm_cr_arp_d_gw_btm?ie=UTF8,2020-09-21 09:17:25.709912,2020-09-21 09:17:25.846551,Carhartt Men's Acrylic Watch Hat,Carhartt Sportswear - Mens,2,B002G9UDYG,AE7SSZYOT6UWUSBEJFS3K2RTRRTQ
7,AHE4H34YBIBCGYU2UVUF7P2LHA3A,True,"Nice, winter hat","I have a few Carhartt hats that I've bought in store and this one here fits in with them as per the same good quality material and great look. I've noticed that quite a few reviews say that this hat had a loose fit on them but for me that was not the case at all. I'm not sure if they actually sent me a children's hat, but for some reason it just seems really small on my head whereas the other ones I have have a much looser fit (both tighter around the base and shorter at the top point). It could be because my older ones are stretched a bit from use, but I do not recall them ever feeling ""tight"" even when I first purchased them. Still a great hat though so I'll be keeping it for sure - maybe just try to stretch it out first lol","November 26, 2018",Stephanie M.,4.0,3,https://www.amazon.ca/gp/profile/amzn1.account.AHE4H34YBIBCGYU2UVUF7P2LHA3A/ref=cm_cr_arp_d_gw_btm?ie=UTF8,2020-09-21 09:17:25.850456,2020-09-21 09:17:25.977336,Carhartt Men's Acrylic Watch Hat,Carhartt Sportswear - Mens,2,B002G9UDYG,AE7SSZYOT6UWUSBEJFS3K2RTRRTQ
8,AFGKZJYI4KKDRMRAWZK26JE7KAVA,True,Lost elasticity,"I had this beanie for about 2 weeks, and after 3 washes it is all stretched out. Not just a little. Its has lost all its elasticity. I've never had a touque do this. Maybe I got a fake one, or washed it wrong. Not what I expect from Carhartt. Just sucks because it is completely useless. 2 weeks and I'm throwing it out. It was annoying enough to leave this review. Hopefully others have better luck.

After reading a couple other reviews, it looks like it's kind of a gamble as to what you get. Mine is Chinese made. Apparently other people are getting products made domestically. Lucky me 😁","November 30, 2019",Chillbilly Glasses,1.0,One,https://www.amazon.ca/gp/profile/amzn1.account.AFGKZJYI4KKDRMRAWZK26JE7KAVA/ref=cm_cr_arp_d_gw_btm?ie=UTF8,2020-09-21 09:17:25.980263,2020-09-21 09:17:26.101287,Carhartt Men's Acrylic Watch Hat,Carhartt Sportswear - Mens,2,B002G9UDYG,AE7SSZYOT6UWUSBEJFS3K2RTRRTQ
9,AGCJSUWVN4X47CRHAN3OHP3SGL6Q,True,It’s actually a really good hat!,"It’s a genuine Carhartt hat. It came with tags and everything, the material is so nice, it keeps my head warm and they’re trendy. The colours are spot on. I don’t have anything bad to say about them. I also got the brown one, it looks exactly like the orange- it’s not letting me put a photo so 🤷🏻‍♀️","January 26, 2019",Victoria ,5.0,5,https://www.amazon.ca/gp/profile/amzn1.account.AGCJSUWVN4X47CRHAN3OHP3SGL6Q/ref=cm_cr_arp_d_gw_btm?ie=UTF8,2020-09-21 09:17:26.105190,2020-09-21 09:17:26.239880,Carhartt Men's Acrylic Watch Hat,Carhartt Sportswear - Mens,2,B002G9UDYG,AE7SSZYOT6UWUSBEJFS3K2RTRRTQ
10,AHBCLJF2DIXZMTADSG2UENMUC6HQ,True,My head hurts.,"I love wearing hats and thought this style was cute for the wintertime - but man does this thing fit small. I don't consider myself to have a large head but I find this hat trying to squeeze the life out of my noggin, I end up with little indents on my forehead from the elastic - like an inverted Thanos chin on my face. Not to mention, it's so tight that it can essentially hold my sunglasses in place without them even touching my face. Did I get a lemon, or has my head grown? Maybe it's just this colour? I don't know.","April 13, 2020",Nicole L,2.0,One,https://www.amazon.ca/gp/profile/amzn1.account.AHBCLJF2DIXZMTADSG2UENMUC6HQ/ref=cm_cr_getr_d_gw_btm?ie=UTF8,2020-09-21 09:17:29.417926,2020-09-21 09:17:29.607269,Carhartt Men's Acrylic Watch Hat,Carhartt Sportswear - Mens,2,B002G9UDYG,AE7SSZYOT6UWUSBEJFS3K2RTRRTQ
11,AEV2WSFZF3CGLRX6UBWOWEEKVDFQ,True,"Great hat for the price, but a little too small for me","The hat is great quality, but it seems to be too small for me, not to the point of returning it, but to the point of me having to leave it stretched over the back of a chair whenever I'm not wearing it. They're pretty inexpensive, so I'm only taking away one star. Also, while trying to stretch it, the Carhartt patch ripped off the front, but it didn't leave any damage behind to the hat, so I'm not taking a star off. Well made hat for the price - if it was a little bigger I'd order a few more.","September 27, 2019",Chris W,4.0,0,https://www.amazon.ca/gp/profile/amzn1.account.AEV2WSFZF3CGLRX6UBWOWEEKVDFQ/ref=cm_cr_getr_d_gw_btm?ie=UTF8,2020-09-21 09:17:29.611172,2020-09-21 09:17:29.729312,Carhartt Men's Acrylic Watch Hat,Carhartt Sportswear - Mens,2,B002G9UDYG,AE7SSZYOT6UWUSBEJFS3K2RTRRTQ
12,AGET5VC5M65SJQXBPO552MLCZILA,True,Great for people with large heads! Keeps you warm and good quality!,"I actually purchased this toque because I have a larger head and noticed someone in the reviews stated it ran a bit bigger. Fits really well! I live in Canada and I wore this toque all winter, all the way down to -25 degrees C. Keeps you super warm and is really comfortable. Only issue I had, and for around $10 I cannot really complain about it, at the end of the Winter the hat did stretch out a bit.","April 12, 2018",Pat Craven,5.0,2,https://www.amazon.ca/gp/profile/amzn1.account.AGET5VC5M65SJQXBPO552MLCZILA/ref=cm_cr_getr_d_gw_btm?ie=UTF8,2020-09-21 09:17:29.733217,2020-09-21 09:17:29.863071,Carhartt Men's Acrylic Watch Hat,Carhartt Sportswear - Mens,2,B002G9UDYG,AE7SSZYOT6UWUSBEJFS3K2RTRRTQ
13,AG6XBUOPLRUNALTTWUHZCU26DNVQ,True,Fits too small,Ordered 2 men's Carthatt acrylic hats the exact same style and both were one size fits all. Bought them for a Christmas stocking gift. One fit fine but the red one was too tight and was not as flexible as the black one. A few family members tried it on and they all found it fit too small. It may fit a boy's small head but not an average man's size head. I can't return it because I bought it too early for Christmas so I am stuck with it. Note that it was only the red one that was too small.,"December 29, 2019",sw,1.0,One,https://www.amazon.ca/gp/profile/amzn1.account.AG6XBUOPLRUNALTTWUHZCU26DNVQ/ref=cm_cr_getr_d_gw_btm?ie=UTF8,2020-09-21 09:17:29.866976,2020-09-21 09:17:30.006542,Carhartt Men's Acrylic Watch Hat,Carhartt Sportswear - Mens,2,B002G9UDYG,AE7SSZYOT6UWUSBEJFS3K2RTRRTQ
14,AEK6W2UJSEOLCXIZDARKW7EDEODA,True,Red/navy is slightly darker than expected but still awesome,"Yep it's a soft, well fitting, authentic Carhartt beanie. I tried to get an accurate photo of the color of this thing but my pic came out a bit lighter than what I see in person; the thing about this type of color is that it changes depending on the lighting. Regardless I think it's awesome if you want a speckled red hat","July 6, 2020",spror,5.0,0,https://www.amazon.ca/gp/profile/amzn1.account.AEK6W2UJSEOLCXIZDARKW7EDEODA/ref=cm_cr_getr_d_gw_btm?ie=UTF8,2020-09-21 09:17:30.011423,2020-09-21 09:17:30.137327,Carhartt Men's Acrylic Watch Hat,Carhartt Sportswear - Mens,2,B002G9UDYG,AE7SSZYOT6UWUSBEJFS3K2RTRRTQ
15,AFFK4IMPIGHSFLHW5TB5Z5TWZYBA,True,Love,"It’s a little more purple than the photo but I actually like it more! Comfy, warm and nice quality!

Good toque for Canadian winters!","November 3, 2018",Shannah Clarke,5.0,4,https://www.amazon.ca/gp/profile/amzn1.account.AFFK4IMPIGHSFLHW5TB5Z5TWZYBA/ref=cm_cr_getr_d_gw_btm?ie=UTF8,2020-09-21 09:17:30.141230,2020-09-21 09:17:30.268135,Carhartt Men's Acrylic Watch Hat,Carhartt Sportswear - Mens,2,B002G9UDYG,AE7SSZYOT6UWUSBEJFS3K2RTRRTQ
16,AGXN4Z2KYQAYF2BH6CCAJ22JXVJA,True,christmas present,Went to my parents house wearing a hat and my step-dad saw it and commented that he was going to take it so i bought an extra one for christmas for him. great quality bought one for my boyfriend who works outside as well. he says it keeps his head nice and warm. as pictured.,"December 20, 2018",Amazon Customer,5.0,2,https://www.amazon.ca/gp/profile/amzn1.account.AGXN4Z2KYQAYF2BH6CCAJ22JXVJA/ref=cm_cr_getr_d_gw_btm?ie=UTF8,2020-09-21 09:17:30.272015,2020-09-21 09:17:30.412558,Carhartt Men's Acrylic Watch Hat,Carhartt Sportswear - Mens,2,B002G9UDYG,AE7SSZYOT6UWUSBEJFS3K2RTRRTQ
17,AHEIYMF53TU7B4RPAL7GDV23BS4A,True,Warm/colour is awesome!,"I actually love this beanie, it’s unisex so anyone can wear it! The colour/casual look goes well with every single fall/winter outfit. It’s also super warm, which is really nice if you live in a colder climate.

The only downside is the length of the beanie, there’s excess fabric that sticks out from the top. However, some people love that, it’s a look on its own. (Very structured beanie)","April 12, 2020",Catherine,4.0,0,https://www.amazon.ca/gp/profile/amzn1.account.AHEIYMF53TU7B4RPAL7GDV23BS4A/ref=cm_cr_getr_d_gw_btm?ie=UTF8,2020-09-21 09:17:30.416462,2020-09-21 09:17:30.543342,Carhartt Men's Acrylic Watch Hat,Carhartt Sportswear - Mens,2,B002G9UDYG,AE7SSZYOT6UWUSBEJFS3K2RTRRTQ
18,AFPTGNGUFTLPUXTPM7FFOUDBVPAQ,True,"Nice colour, fits extremely small","The colour is very nice (wine) and true to the photo, but the hat fits extremely smaller than anticipated. As a woman with a fairly small to average sized head, I'm not sure how this would fit a man's head comfortably. It certainly doesn't have that Carhatt ""look"" that has become so popular. Maybe it will stretch over time, but not super thrilled with it.","January 21, 2020",Taylor Curley,3.0,0,https://www.amazon.ca/gp/profile/amzn1.account.AFPTGNGUFTLPUXTPM7FFOUDBVPAQ/ref=cm_cr_getr_d_gw_btm?ie=UTF8,2020-09-21 09:17:30.548221,2020-09-21 09:17:30.679005,Carhartt Men's Acrylic Watch Hat,Carhartt Sportswear - Mens,2,B002G9UDYG,AE7SSZYOT6UWUSBEJFS3K2RTRRTQ
19,AH4AB4ZGQBPOKZHHFM2AG7MY5QFQ,True,Worth every penny,"I bought this for my son last autumn to go with his new jacket and after several washes and hanging to dry it is still going strong. Thanks Carhardt for continuing to make a durable product that works as hard as the people that wear it.

Worth every penny","September 12, 2018",Amazon Customer,5.0,2,https://www.amazon.ca/gp/profile/amzn1.account.AH4AB4ZGQBPOKZHHFM2AG7MY5QFQ/ref=cm_cr_getr_d_gw_btm?ie=UTF8,2020-09-21 09:17:30.688766,2020-09-21 09:17:30.821501,Carhartt Men's Acrylic Watch Hat,Carhartt Sportswear - Mens,2,B002G9UDYG,AE7SSZYOT6UWUSBEJFS3K2RTRRTQ
20,AEKF2NBA2U46MY7EPBEC7T7DCQ6A,True,Not the colour I was expecting ☹️,This was not the colour I got. Instead of a bright yellow it’s more of a dark mustard. Very disappointed ☹️,"December 5, 2019",Nicolle Perry,1.0,2,https://www.amazon.ca/gp/profile/amzn1.account.AEKF2NBA2U46MY7EPBEC7T7DCQ6A/ref=cm_cr_getr_d_gw_btm?ie=UTF8,2020-09-21 09:17:36.947530,2020-09-21 09:17:37.083195,Carhartt Men's Acrylic Watch Hat,Carhartt Sportswear - Mens,2,B002G9UDYG,AE7SSZYOT6UWUSBEJFS3K2RTRRTQ
21,AHWMO6PDYPQCITLZO254PCYGPZFA,True,Great warm hat for the price,I paid $14 and ordered the dark blue colour. Well made and nice colour. Can't beat the price for this hat. I followed another reviewer who provided pictures of the various logo designs and how it corresponds to country of origin. Mine was made in the US. Please click helpful if this review helped you. Cheers; Gary,"December 30, 2019",Gary W.,5.0,0,https://www.amazon.ca/gp/profile/amzn1.account.AHWMO6PDYPQCITLZO254PCYGPZFA/ref=cm_cr_getr_d_gw_btm?ie=UTF8,2020-09-21 09:17:37.091002,2020-09-21 09:17:37.217882,Carhartt Men's Acrylic Watch Hat,Carhartt Sportswear - Mens,2,B002G9UDYG,AE7SSZYOT6UWUSBEJFS3K2RTRRTQ
22,AGKHSAYWHYTZDEWXIKMTJ2GUK66Q,True,"Chaude, couvre bien les oreilles! Parfaites pour la chasse!","Utilise pour la chasse, cette tuque est durable, résistante, chaude et elle est bien grande pour couvrir toute la tête. Cela faisait longtemps que je me cherchais une tuque suffisamment grande qui ne remonte pas constamment pour la chasse. Après 4 achats, enfin j’ai trouvé! En plus, il s’agit de La Tuque la moins cher que j’ai payé!","November 10, 2019",Jean-Mathieu Lavoie,5.0,0,https://www.amazon.ca/gp/profile/amzn1.account.AGKHSAYWHYTZDEWXIKMTJ2GUK66Q/ref=cm_cr_getr_d_gw_btm?ie=UTF8,2020-09-21 09:17:37.221786,2020-09-21 09:17:37.347690,Carhartt Men's Acrylic Watch Hat,Carhartt Sportswear - Mens,2,B002G9UDYG,AE7SSZYOT6UWUSBEJFS3K2RTRRTQ
23,AEAHPYXVUPSVNBAKEC4VTVW5YICA,True,Almost Perfect,"Love the style, love the colour (light grey) , but although its not falling apart per say, its definitely softened up a bit too much. Its now stretched out and has lost its structure/shape. It got little fuzzball on it quickly too. Its also a bit too long in my opinion. However, it is very warm, and very soft. Ive had it for one winter now and it seems like it will last a few more years.","September 5, 2020",Amazon Customer,4.0,0,https://www.amazon.ca/gp/profile/amzn1.account.AEAHPYXVUPSVNBAKEC4VTVW5YICA/ref=cm_cr_getr_d_gw_btm?ie=UTF8,2020-09-21 09:17:37.351594,2020-09-21 09:17:37.486282,Carhartt Men's Acrylic Watch Hat,Carhartt Sportswear - Mens,2,B002G9UDYG,AE7SSZYOT6UWUSBEJFS3K2RTRRTQ
24,AE5N3Y7QYIKOQWPTPLQLSSB4VDOA,True,Smaller than expected,"So I’m a female (with a slightly smaller head than average), and so I was worried the hat would be too big for me. However the toque is definitely very snug. Too snug - I can tell I’ll have a headache at the end of a day of wearing it. No idea how it would fit my husband or any man for that matter honestly.

It’s really warm though, and I’m sure I’ll be plenty warm even in the cold winter months where I live in the Northern part of our province.","September 16, 2020",Amy,4.0,0,https://www.amazon.ca/gp/profile/amzn1.account.AE5N3Y7QYIKOQWPTPLQLSSB4VDOA/ref=cm_cr_getr_d_gw_btm?ie=UTF8,2020-09-21 09:17:37.491187,2020-09-21 09:17:37.614136,Carhartt Men's Acrylic Watch Hat,Carhartt Sportswear - Mens,2,B002G9UDYG,AE7SSZYOT6UWUSBEJFS3K2RTRRTQ
25,AGUCJYKFHAJFLND4HJLP36UE6JFA,True,inconsistent,i bought a blue version of this hat and it fit well so i decided i wanted another and bought a black one and when it came it fit nothing like the original hat i bought. it was extremely long and too skinny for my to fit comfortably on my head it just squishes my head whenever i try to wear it. It also almost felt like a different material because it was much less comfortable then the first.,"October 23, 2019",Amazon Customer,1.0,One,https://www.amazon.ca/gp/profile/amzn1.account.AGUCJYKFHAJFLND4HJLP36UE6JFA/ref=cm_cr_getr_d_gw_btm?ie=UTF8,2020-09-21 09:17:37.618041,2020-09-21 09:17:37.743944,Carhartt Men's Acrylic Watch Hat,Carhartt Sportswear - Mens,2,B002G9UDYG,AE7SSZYOT6UWUSBEJFS3K2RTRRTQ
26,AHQCPZ7FNGKNBS5GWA4YFGRBAPXQ,True,Weird shape,Terrible. I have a small head and this fit so tight and so long. Weird that it’s called a Men’s hat.,"June 26, 2019",Sara L,1.0,3,https://www.amazon.ca/gp/profile/amzn1.account.AHQCPZ7FNGKNBS5GWA4YFGRBAPXQ/ref=cm_cr_getr_d_gw_btm?ie=UTF8,2020-09-21 09:17:37.747849,2020-09-21 09:17:37.888392,Carhartt Men's Acrylic Watch Hat,Carhartt Sportswear - Mens,2,B002G9UDYG,AE7SSZYOT6UWUSBEJFS3K2RTRRTQ
27,AHQQB6KK66IEURPYTINTIQDYSWUA,True,"Great quality, Fits big heads well",I don't know what some reviews are talking about. I have a giant head and very oblong and this thing fits perfectly. I wear a size XL to an XXL motorcycle helmet to give you some idea. The Orange colour isn't quite blaze orange but I will use it for hunting.,"January 17, 2019",Ralph P,5.0,One,https://www.amazon.ca/gp/profile/amzn1.account.AHQQB6KK66IEURPYTINTIQDYSWUA/ref=cm_cr_getr_d_gw_btm?ie=UTF8,2020-09-21 09:17:37.893273,2020-09-21 09:17:38.023131,Carhartt Men's Acrylic Watch Hat,Carhartt Sportswear - Mens,2,B002G9UDYG,AE7SSZYOT6UWUSBEJFS3K2RTRRTQ
28,AFMCSVST5IXFBMVO7LPHXG5SEDAA,True,So warm and comfy!,"I bought two of these to match with my partner lol. Very cute and comfy, and SO dang warm. It will leave your hair a little staticky if you already have quite dry hair during the winter, but that’s the nature of any hat made out of this material.","May 15, 2020",Seb.Art,5.0,0,https://www.amazon.ca/gp/profile/amzn1.account.AFMCSVST5IXFBMVO7LPHXG5SEDAA/ref=cm_cr_getr_d_gw_btm?ie=UTF8,2020-09-21 09:17:38.028011,2020-09-21 09:17:38.152963,Carhartt Men's Acrylic Watch Hat,Carhartt Sportswear - Mens,2,B002G9UDYG,AE7SSZYOT6UWUSBEJFS3K2RTRRTQ
29,AFL4JVN7ECYJQ6CY6DVGCU5KBYEA,True,Ripped after a month,"The hat ripped after a month of very little, light use! Not sure what happened with this one.

Normally, Carhartt stuff is killer quality and lasts a long time. Not these hats, though.","October 16, 2019",Will,1.0,One,https://www.amazon.ca/gp/profile/amzn1.account.AFL4JVN7ECYJQ6CY6DVGCU5KBYEA/ref=cm_cr_getr_d_gw_btm?ie=UTF8,2020-09-21 09:17:38.156868,2020-09-21 09:17:38.297411,Carhartt Men's Acrylic Watch Hat,Carhartt Sportswear - Mens,2,B002G9UDYG,AE7SSZYOT6UWUSBEJFS3K2RTRRTQ
30,AHW2HBHFUWPUTZM6Z6YKQBVKOH3Q,True,Well Made,"This isn't one-size-fits-all hat; Its WAY to small. The acrylic knit weave is very tight; Not an open weave. I ordered this for my 13 year old son and when he tried it on I could see how tight it was, it stretched a lot. I then thought it might fit my 10 year old daughter, it fit her a little better but was still to tight.","January 10, 2019",Dwight,3.0,0,https://www.amazon.ca/gp/profile/amzn1.account.AHW2HBHFUWPUTZM6Z6YKQBVKOH3Q/ref=cm_cr_getr_d_gw_btm?ie=UTF8,2020-09-21 09:17:42.452400,2020-09-21 09:17:42.587086,Carhartt Men's Acrylic Watch Hat,Carhartt Sportswear - Mens,2,B002G9UDYG,AE7SSZYOT6UWUSBEJFS3K2RTRRTQ
31,AGTQPY632OI64Y6VJEVLD5DOH3IQ,True,"It's a hat, it fits, I like it.","It's a hat that will fit a variety of head sizes comfortably. Material is stretchy but snug, needed a new hat for Winter work and got this to match my other Carhaart stuff. Throw it in with the laundry when it needs a wash. No fraying or product defects I can see, it does what it's supposed to do and for Carhaart gear it's a fair price.","December 4, 2018",Jared Kerman,5.0,0,https://www.amazon.ca/gp/profile/amzn1.account.AGTQPY632OI64Y6VJEVLD5DOH3IQ/ref=cm_cr_getr_d_gw_btm?ie=UTF8,2020-09-21 09:17:42.591967,2020-09-21 09:17:42.714942,Carhartt Men's Acrylic Watch Hat,Carhartt Sportswear - Mens,2,B002G9UDYG,AE7SSZYOT6UWUSBEJFS3K2RTRRTQ
32,AEY5GZORWP6CB6FKTX2HHTP3JFCA,True,Ears have never been warmer,"Easily the warmest hat I've owned. Partner loves it as well. It's oddly too long though, have to fold it over twice. It's tight at the beginning, but it will stretch out over time. Great hat, it actually blocks wind instead of letting it all through","February 29, 2020",TKTK,5.0,0,https://www.amazon.ca/gp/profile/amzn1.account.AEY5GZORWP6CB6FKTX2HHTP3JFCA/ref=cm_cr_getr_d_gw_btm?ie=UTF8,2020-09-21 09:17:42.718846,2020-09-21 09:17:42.856536,Carhartt Men's Acrylic Watch Hat,Carhartt Sportswear - Mens,2,B002G9UDYG,AE7SSZYOT6UWUSBEJFS3K2RTRRTQ
33,AH6FA3C7336ZX3ZLBWKRBPGTD4IQ,True,Too tight for one size fits all,Hat felt good with fabric/ material. Bought for boyfriend - average size head lol - and it’s too small. I have adopted this hat now and a little tight on as well. Risky buy. I honestly had to double check to see if i misread the product and mistakenly bought a child size,"May 19, 2020",Ashley,1.0,0,https://www.amazon.ca/gp/profile/amzn1.account.AH6FA3C7336ZX3ZLBWKRBPGTD4IQ/ref=cm_cr_getr_d_gw_btm?ie=UTF8,2020-09-21 09:17:42.861417,2020-09-21 09:17:42.984435,Carhartt Men's Acrylic Watch Hat,Carhartt Sportswear - Mens,2,B002G9UDYG,AE7SSZYOT6UWUSBEJFS3K2RTRRTQ
34,AFZPDUSPULDX6ZNYAQVCRZXAOHJQ,True,Good hat!,Bought this for my son and he loves the hat! He’s excited for the colder weather to come so he can wear it all the time lol- he’s a bigger 3 year old Who looks like he’s 6 years old. With a big head lol,"September 12, 2020",El jay,5.0,0,https://www.amazon.ca/gp/profile/amzn1.account.AFZPDUSPULDX6ZNYAQVCRZXAOHJQ/ref=cm_cr_getr_d_gw_btm?ie=UTF8,2020-09-21 09:17:42.988340,2020-09-21 09:17:43.114243,Carhartt Men's Acrylic Watch Hat,Carhartt Sportswear - Mens,2,B002G9UDYG,AE7SSZYOT6UWUSBEJFS3K2RTRRTQ
35,AHQ4TP5E526OOMGLFH3JQTUBHU3Q,True,"Better price than in stores, Made in USA orCanada depending on colour","I already had one of these hats from Carhartt's streetwear brand; ""Carhartt: Work in Progress"" but I paid like 3x as much for it. I bought a few of these to see if they were the same quality and it turns out it's the exact same except the tag just says Carhartt instead of ""Carhartt: Work in Progress"". I was expecting this to be made overseas but the grey one is made in USA and the black one is made in Canada.

(Carhartt WIP does have nice stuff just don't buy the watch hats, buy one of these!)","October 2, 2018",CE,5.0,0,https://www.amazon.ca/gp/profile/amzn1.account.AHQ4TP5E526OOMGLFH3JQTUBHU3Q/ref=cm_cr_getr_d_gw_btm?ie=UTF8,2020-09-21 09:17:43.123029,2020-09-21 09:17:43.246002,Carhartt Men's Acrylic Watch Hat,Carhartt Sportswear - Mens,2,B002G9UDYG,AE7SSZYOT6UWUSBEJFS3K2RTRRTQ
36,AHHCC5JDYZPOF4IWGMMMHWHB522A,True,So cozy and perfect for the cold,"This hat is exactly what I wanted. It is thick, fits well and is really warm. It is ideal for those cold mornings where it is -30 celsius up here in Northern Ontario. I am very tempted to buy more of these hats in a few different colours or to purchase one for each family member... maybe next year!","December 20, 2017",Amazon Customer,5.0,3,https://www.amazon.ca/gp/profile/amzn1.account.AHHCC5JDYZPOF4IWGMMMHWHB522A/ref=cm_cr_getr_d_gw_btm?ie=UTF8,2020-09-21 09:17:43.250883,2020-09-21 09:17:43.378763,Carhartt Men's Acrylic Watch Hat,Carhartt Sportswear - Mens,2,B002G9UDYG,AE7SSZYOT6UWUSBEJFS3K2RTRRTQ
37,AEOEB7OCAKIF4JMP6OFKLKJUEVBA,True,Love this toque,I live in Canada which means pretty brutal Canadian winters. Great toque. Kept me warm whenever I wore it. Have been wearing it for several months and it looks perfect still. Good quality. Would definitely buy again.,"April 5, 2020",Joy Arciaga,5.0,0,https://www.amazon.ca/gp/profile/amzn1.account.AEOEB7OCAKIF4JMP6OFKLKJUEVBA/ref=cm_cr_getr_d_gw_btm?ie=UTF8,2020-09-21 09:17:43.382642,2020-09-21 09:17:43.519282,Carhartt Men's Acrylic Watch Hat,Carhartt Sportswear - Mens,2,B002G9UDYG,AE7SSZYOT6UWUSBEJFS3K2RTRRTQ
38,AHJISU4RJJOVLNJALNTPMCETBSNQ,True,Genuine Product High Quality!,Genuine Carhartt and a discounted price. Very warm and comfortable to wear. The grey colour that I ordered is very nice and looks good with almost anything. Good fit on my head with no random loose fabrics like some other products.,"December 10, 2019",Nickel Family,5.0,0,https://www.amazon.ca/gp/profile/amzn1.account.AHJISU4RJJOVLNJALNTPMCETBSNQ/ref=cm_cr_getr_d_gw_btm?ie=UTF8,2020-09-21 09:17:43.524162,2020-09-21 09:17:43.646161,Carhartt Men's Acrylic Watch Hat,Carhartt Sportswear - Mens,2,B002G9UDYG,AE7SSZYOT6UWUSBEJFS3K2RTRRTQ
39,AGGQHCA355QVIDIPAIP4LONUQMMA,True,My second one,"I already had a black one which I use daily so wanted a different colour and this was it. Comfortable, fits well and warm enough for Toronto. Will stick to buying these in the future too","September 13, 2020",Viper_R,5.0,0,https://www.amazon.ca/gp/profile/amzn1.account.AGGQHCA355QVIDIPAIP4LONUQMMA/ref=cm_cr_getr_d_gw_btm?ie=UTF8,2020-09-21 09:17:43.651042,2020-09-21 09:17:43.778899,Carhartt Men's Acrylic Watch Hat,Carhartt Sportswear - Mens,2,B002G9UDYG,AE7SSZYOT6UWUSBEJFS3K2RTRRTQ
40,AEKAQDMQLPVHWCHIDXAJERVL6DGA,True,This is a base you need,"I think of all the hats my husband has had for work this is his all time fav. I'll purchase it again and again as well as for gifts. It's great quality, stretches to fit his large head well. Not itchy. Nice colour (charcoal grey).","December 11, 2019",Amazon Customer,5.0,0,https://www.amazon.ca/gp/profile/amzn1.account.AEKAQDMQLPVHWCHIDXAJERVL6DGA/ref=cm_cr_getr_d_gw_btm?ie=UTF8,2020-09-21 09:17:48.932999,2020-09-21 09:17:49.070615,Carhartt Men's Acrylic Watch Hat,Carhartt Sportswear - Mens,2,B002G9UDYG,AE7SSZYOT6UWUSBEJFS3K2RTRRTQ
41,AHUXBUR34CM37MEAM74674523ELQ,True,Fits a little bit big,"It's a bit big! The wide band at the bottom could be half the size, it sits high on my head and looks a tad strange, but it's a bush hat so the only thing that sees it are the squirrels and deer. I'm reasonably sure they're not laughing at me.","February 6, 2018",Mike T,3.0,2,https://www.amazon.ca/gp/profile/amzn1.account.AHUXBUR34CM37MEAM74674523ELQ/ref=cm_cr_getr_d_gw_btm?ie=UTF8,2020-09-21 09:17:49.074519,2020-09-21 09:17:49.204327,Carhartt Men's Acrylic Watch Hat,Carhartt Sportswear - Mens,2,B002G9UDYG,AE7SSZYOT6UWUSBEJFS3K2RTRRTQ
42,AFC27U7QWN62RKRPQNVP4VSYFXUA,True,check if the stitching is Straight. Right away,"I wish I actually looked at it closer sooner - been trying to fix it on my head for a few days as it sat odd. Then one day flattened it on the table - just to realize that its FAR from being symmetrical (photos will follow in a few days - just left it behind, in a shop, at work, as I wont wear it in public anymore).

So yeah, if you're thinking paying Way over what a toque should cost will get you good quality - think again. I think this is where Carhartt kinda ended for me.

Cheers","March 15, 2020",Andrey,2.0,0,https://www.amazon.ca/gp/profile/amzn1.account.AFC27U7QWN62RKRPQNVP4VSYFXUA/ref=cm_cr_getr_d_gw_btm?ie=UTF8,2020-09-21 09:17:49.208230,2020-09-21 09:17:49.333159,Carhartt Men's Acrylic Watch Hat,Carhartt Sportswear - Mens,2,B002G9UDYG,AE7SSZYOT6UWUSBEJFS3K2RTRRTQ
43,AGLQC3CJCFOLWDFB64BLBIR2NKHQ,True,Not what I expected,"This is a good hat. It's warm, cute, and practical. However, I ordered this specifically because it was a light grey, and I got a dark grey hat sent to me. It also feels very small, and will slip up off my head as I wear it.","July 14, 2020",CE,2.0,0,https://www.amazon.ca/gp/profile/amzn1.account.AGLQC3CJCFOLWDFB64BLBIR2NKHQ/ref=cm_cr_getr_d_gw_btm?ie=UTF8,2020-09-21 09:17:49.338038,2020-09-21 09:17:49.473701,Carhartt Men's Acrylic Watch Hat,Carhartt Sportswear - Mens,2,B002G9UDYG,AE7SSZYOT6UWUSBEJFS3K2RTRRTQ
44,AFDWYVT2LRW23KWHBKGYJZNEOA4A,True,Excellent quality,"Outstanding!!!

Not too big as people claimed and not too small. I have a small head and it fits brilliant. Quality is outstanding! I bought two of those and will buy more. Perhaps the best beanies I ever owned","January 26, 2020",Adam,5.0,0,https://www.amazon.ca/gp/profile/amzn1.account.AFDWYVT2LRW23KWHBKGYJZNEOA4A/ref=cm_cr_getr_d_gw_btm?ie=UTF8,2020-09-21 09:17:49.478582,2020-09-21 09:17:49.602533,Carhartt Men's Acrylic Watch Hat,Carhartt Sportswear - Mens,2,B002G9UDYG,AE7SSZYOT6UWUSBEJFS3K2RTRRTQ
45,AFBAYGZJOFOJGR4NDYT6HEIBIHEA,True,Wayyy to big,"I have a carhartt hat I bought from the actual store and it fits great! The one I ordered was really long and did not look the same as the pictures, would not recommend","November 21, 2019",Shay,1.0,2,https://www.amazon.ca/gp/profile/amzn1.account.AFBAYGZJOFOJGR4NDYT6HEIBIHEA/ref=cm_cr_getr_d_gw_btm?ie=UTF8,2020-09-21 09:17:49.606437,2020-09-21 09:17:49.747958,Carhartt Men's Acrylic Watch Hat,Carhartt Sportswear - Mens,2,B002G9UDYG,AE7SSZYOT6UWUSBEJFS3K2RTRRTQ
46,AH2PVFVYHGE4KZU52QVPGBOX2TXA,True,Different products being sold as part of same listing.,I ordered 2 toques as part of the same order/same listing. The dark green one as you can see in the picture is a different toque than the brown one. The brown one is a lot taller which I was expecting the green one to be as well considering they are supposed to be the exact same hat.,"January 5, 2020",Lisa,1.0,0,https://www.amazon.ca/gp/profile/amzn1.account.AH2PVFVYHGE4KZU52QVPGBOX2TXA/ref=cm_cr_getr_d_gw_btm?ie=UTF8,2020-09-21 09:17:49.753814,2020-09-21 09:17:49.880693,Carhartt Men's Acrylic Watch Hat,Carhartt Sportswear - Mens,2,B002G9UDYG,AE7SSZYOT6UWUSBEJFS3K2RTRRTQ
47,AFRDT4JYRSNSYFNWHDUFNAXB4ZFQ,True,Super warm and comfy,Fits nice and comfortably although I have a small head and does fit a little bigger but I can scrunch it in top or push down a little I don’t mind is very nice and warm 👌🏽👌🏽,"May 26, 2020",Amazon Customer,5.0,0,https://www.amazon.ca/gp/profile/amzn1.account.AFRDT4JYRSNSYFNWHDUFNAXB4ZFQ/ref=cm_cr_getr_d_gw_btm?ie=UTF8,2020-09-21 09:17:49.884596,2020-09-21 09:17:50.013428,Carhartt Men's Acrylic Watch Hat,Carhartt Sportswear - Mens,2,B002G9UDYG,AE7SSZYOT6UWUSBEJFS3K2RTRRTQ
48,AFOUJRYBDNY6RBXTCYE44BFQ3PFA,True,Too small for one size fits all,While this hat is well made it is way too small to be considered one size fits all. I can get it on but very uncomfortable. Good for teenagers or people with small heads.,"January 2, 2020",Heinz E. Probst,2.0,0,https://www.amazon.ca/gp/profile/amzn1.account.AFOUJRYBDNY6RBXTCYE44BFQ3PFA/ref=cm_cr_getr_d_gw_btm?ie=UTF8,2020-09-21 09:17:50.018308,2020-09-21 09:17:50.155924,Carhartt Men's Acrylic Watch Hat,Carhartt Sportswear - Mens,2,B002G9UDYG,AE7SSZYOT6UWUSBEJFS3K2RTRRTQ
49,AFBVPPZZTJGE3UNAW5L2JOYV2QEQ,True,Meh,"Not my personal style of hat, I thought this was a toque style when I ordered. This hat is tall enough for about 3 of my heads, but according to my daughter who now owns the hat, it’s the current style. Not what I was after, but the younger crowd likes it.","February 4, 2019",Chris,3.0,0,https://www.amazon.ca/gp/profile/amzn1.account.AFBVPPZZTJGE3UNAW5L2JOYV2QEQ/ref=cm_cr_getr_d_gw_btm?ie=UTF8,2020-09-21 09:17:50.160804,2020-09-21 09:17:50.287684,Carhartt Men's Acrylic Watch Hat,Carhartt Sportswear - Mens,2,B002G9UDYG,AE7SSZYOT6UWUSBEJFS3K2RTRRTQ
50,AECAKWT42GL3DS4FDFUDJS3HZVRA,True,These are so great and wonderful.,These toques are amazing and they dont make your scalp itchy or scratchy when you wear them for a prolonged period of time.I would purchase again for myself or as a gift for someone else.,"February 10, 2020",Amazon Customer,5.0,0,https://www.amazon.ca/gp/profile/amzn1.account.AECAKWT42GL3DS4FDFUDJS3HZVRA/ref=cm_cr_getr_d_gw_btm?ie=UTF8,2020-09-21 09:17:55.443507,2020-09-21 09:17:55.594740,Carhartt Men's Acrylic Watch Hat,Carhartt Sportswear - Mens,2,B002G9UDYG,AE7SSZYOT6UWUSBEJFS3K2RTRRTQ
51,AFMPPA735SX5TLA3URAVUXB3A4NQ,True,This is a pretty sweet winter hat.,"I like it because it kept my ears from freezing up and turning black. I like my ears and I don't want to leave them behind on a winter excursion, just because the weather got a bit cold. I'm from Canada and can't over-emphasize how nice/necessary it is is to have a decent winter hat. 10/10 for this one!","June 10, 2020",ezzie240,5.0,0,https://www.amazon.ca/gp/profile/amzn1.account.AFMPPA735SX5TLA3URAVUXB3A4NQ/ref=cm_cr_getr_d_gw_btm?ie=UTF8,2020-09-21 09:17:55.598643,2020-09-21 09:17:55.723571,Carhartt Men's Acrylic Watch Hat,Carhartt Sportswear - Mens,2,B002G9UDYG,AE7SSZYOT6UWUSBEJFS3K2RTRRTQ
52,AF6OZ2MGS5RX4O2JUQNQVBPC6O4Q,True,Tuque Carhartt,"Meilleur tuque acheter a vie ! Très bien conçue , bien chaude , la couleur est exactement comme la photo et la grandeur est parfaite pour moi . Made in Canada en + !","May 7, 2020",stéphanie,5.0,0,https://www.amazon.ca/gp/profile/amzn1.account.AF6OZ2MGS5RX4O2JUQNQVBPC6O4Q/ref=cm_cr_getr_d_gw_btm?ie=UTF8,2020-09-21 09:17:55.726499,2020-09-21 09:17:55.865090,Carhartt Men's Acrylic Watch Hat,Carhartt Sportswear - Mens,2,B002G9UDYG,AE7SSZYOT6UWUSBEJFS3K2RTRRTQ
53,AHWESKWZJYKJTLLLQOV7H53HUCFA,True,Warmest Hat Around !,By far the warmest hat ever. I didn't have it once when I went snowboarding in -25 C with a ton of wind and needed to substitute 2 hats and the hood on my sweater to get the same amount of warmth this hat provides. Also sizing is great. I'm on the edge of XL for any helmet and this fit snug but not super tight.,"April 28, 2019",Jacob Jr Van Halteren,5.0,0,https://www.amazon.ca/gp/profile/amzn1.account.AHWESKWZJYKJTLLLQOV7H53HUCFA/ref=cm_cr_getr_d_gw_btm?ie=UTF8,2020-09-21 09:17:55.869970,2020-09-21 09:17:55.996851,Carhartt Men's Acrylic Watch Hat,Carhartt Sportswear - Mens,2,B002G9UDYG,AE7SSZYOT6UWUSBEJFS3K2RTRRTQ
54,AETALPAJBIOVFXKH7RWBX2SV336A,True,Not bad,"It's little bit a tight. My boyfriend is bald. But he said it's too tight when he use it even though he don't have hair. I told him it would increase if he use it, but I'm not sure it's completely comfortable.","June 30, 2020",Hyeonjin Ryu,4.0,0,https://www.amazon.ca/gp/profile/amzn1.account.AETALPAJBIOVFXKH7RWBX2SV336A/ref=cm_cr_getr_d_gw_btm?ie=UTF8,2020-09-21 09:17:56.001730,2020-09-21 09:17:56.125682,Carhartt Men's Acrylic Watch Hat,Carhartt Sportswear - Mens,2,B002G9UDYG,AE7SSZYOT6UWUSBEJFS3K2RTRRTQ
55,AESVMDFM7UCUNHIYLCIP763WOUQA,True,I leave weird reviews,Way better than buying from a store like Marks. this 12 dollar Touqe would have been double that retail. I haven't wore it yet due to the awesome weather we get on Canada's west coast. Cant wait till I do.,"November 24, 2017",Amazonian,5.0,2,https://www.amazon.ca/gp/profile/amzn1.account.AESVMDFM7UCUNHIYLCIP763WOUQA/ref=cm_cr_getr_d_gw_btm?ie=UTF8,2020-09-21 09:17:56.129585,2020-09-21 09:17:56.267201,Carhartt Men's Acrylic Watch Hat,Carhartt Sportswear - Mens,2,B002G9UDYG,AE7SSZYOT6UWUSBEJFS3K2RTRRTQ
56,AER3Z2XUCRJD32MXFQQYHGF246ZQ,True,Best toque!,"Great skully, myself and my son have this toque in Brown. Got this one for the wife and daughter matching for mothers day... I peronally have about 4 of these!!! Best toque's out there. Very warm and material stays tight even when washed!!!!!!!","May 7, 2020",Mr. Thick D,5.0,0,https://www.amazon.ca/gp/profile/amzn1.account.AER3Z2XUCRJD32MXFQQYHGF246ZQ/ref=cm_cr_getr_d_gw_btm?ie=UTF8,2020-09-21 09:17:56.271105,2020-09-21 09:17:56.396033,Carhartt Men's Acrylic Watch Hat,Carhartt Sportswear - Mens,2,B002G9UDYG,AE7SSZYOT6UWUSBEJFS3K2RTRRTQ
57,AHVRSC35MO2NHD3DT45IZBM2VN7A,True,Good buy,"Bought this for my sister for Christmas, she loves it! Already wants more! It’s comfy and Amazon was the only company that had the specific heather grey she wanted!","May 8, 2020",Ashley,5.0,0,https://www.amazon.ca/gp/profile/amzn1.account.AHVRSC35MO2NHD3DT45IZBM2VN7A/ref=cm_cr_getr_d_gw_btm?ie=UTF8,2020-09-21 09:17:56.399937,2020-09-21 09:17:56.536577,Carhartt Men's Acrylic Watch Hat,Carhartt Sportswear - Mens,2,B002G9UDYG,AE7SSZYOT6UWUSBEJFS3K2RTRRTQ
58,AGV7CJUA47D5MKDHYMDD257ZYI2Q,True,Would buy/recommend,The fit was perfect and as expected. I would say one size fits all. Keeps my ears warm on those cold winter days. The quality is good in comparison to the price. I would recommend/purchase again,"February 18, 2020",Emma,5.0,0,https://www.amazon.ca/gp/profile/amzn1.account.AGV7CJUA47D5MKDHYMDD257ZYI2Q/ref=cm_cr_getr_d_gw_btm?ie=UTF8,2020-09-21 09:17:56.541457,2020-09-21 09:17:56.668337,Carhartt Men's Acrylic Watch Hat,Carhartt Sportswear - Mens,2,B002G9UDYG,AE7SSZYOT6UWUSBEJFS3K2RTRRTQ
59,AGHUQFR5QBODN2PW4K2IANDBMP7A,True,Fits pretty small,I bought this for my self and I’m a girl who has a pretty small head and it’s to tight even on me so it ended up being uncomfortable and also just didn’t look right on because of that.,"April 30, 2020",Jody,2.0,0,https://www.amazon.ca/gp/profile/amzn1.account.AGHUQFR5QBODN2PW4K2IANDBMP7A/ref=cm_cr_getr_d_gw_btm?ie=UTF8,2020-09-21 09:17:56.673217,2020-09-21 09:17:56.798144,Carhartt Men's Acrylic Watch Hat,Carhartt Sportswear - Mens,2,B002G9UDYG,AE7SSZYOT6UWUSBEJFS3K2RTRRTQ
60,AHD4KYWLNDLW7RPHFUMYDLRMFKOA,True,Not a men’s hat as advertised,"Not a men’s hat! Bought as a Xmas gift and was way too small for my teenage son. Returned it with no problems.
He likes these hates and has a few. Just not this one.","May 21, 2020",Robert Walmsley,1.0,0,https://www.amazon.ca/gp/profile/amzn1.account.AHD4KYWLNDLW7RPHFUMYDLRMFKOA/ref=cm_cr_getr_d_gw_btm?ie=UTF8,2020-09-21 09:18:00.946193,2020-09-21 09:18:01.072097,Carhartt Men's Acrylic Watch Hat,Carhartt Sportswear - Mens,2,B002G9UDYG,AE7SSZYOT6UWUSBEJFS3K2RTRRTQ
61,AEOX2VG64TSQOMUG3FFYOEC2HSPQ,True,Too tight,"The colour was great.
Sizing was very small. Its not much bigger then the ""boys"" size i bought my son.
I can't even wear it its uncomfortable, the top puckers up and looks weird.
I bought oke for my husband Ns it was perfect sizing (different colour)
Very disappointed","December 30, 2019",Bohochic709,3.0,0,https://www.amazon.ca/gp/profile/amzn1.account.AEOX2VG64TSQOMUG3FFYOEC2HSPQ/ref=cm_cr_getr_d_gw_btm?ie=UTF8,2020-09-21 09:18:01.077003,2020-09-21 09:18:01.210690,Carhartt Men's Acrylic Watch Hat,Carhartt Sportswear - Mens,2,B002G9UDYG,AE7SSZYOT6UWUSBEJFS3K2RTRRTQ
62,AHQSELUR4ABODE6A7Z3H4ZD5ZEVQ,True,Nice,"Very nice hat, thick and warm. Not itchy but the hat is very small. Keeps slipping up on my head and I wear a 6 3/4 hat so was disappointed that this hat actually feels too small for me, usually hats are too big.","February 28, 2019",Gina,3.0,0,https://www.amazon.ca/gp/profile/amzn1.account.AHQSELUR4ABODE6A7Z3H4ZD5ZEVQ/ref=cm_cr_getr_d_gw_btm?ie=UTF8,2020-09-21 09:18:01.215570,2020-09-21 09:18:01.339521,Carhartt Men's Acrylic Watch Hat,Carhartt Sportswear - Mens,2,B002G9UDYG,AE7SSZYOT6UWUSBEJFS3K2RTRRTQ
63,AFJ4ZCMHOYYNKCSKD3PXBGERY5CA,True,Love this hat,"I love this hat. I've been wearing it all winter and it's super warm. I love the colour. I have worn it almost literally every day for the last few months and it's still in great condition, so it's very sturdy.","January 28, 2020",Chris Smart,5.0,0,https://www.amazon.ca/gp/profile/amzn1.account.AFJ4ZCMHOYYNKCSKD3PXBGERY5CA/ref=cm_cr_getr_d_gw_btm?ie=UTF8,2020-09-21 09:18:01.344424,2020-09-21 09:18:01.478115,Carhartt Men's Acrylic Watch Hat,Carhartt Sportswear - Mens,2,B002G9UDYG,AE7SSZYOT6UWUSBEJFS3K2RTRRTQ
64,AEND2A5DCYVMYRXQA66HCSWTW5BQ,True,Good comfy toque,"Good fit, great colour. Exactly what I wanted when I ordered it.","July 8, 2019",megan,5.0,One,https://www.amazon.ca/gp/profile/amzn1.account.AEND2A5DCYVMYRXQA66HCSWTW5BQ/ref=cm_cr_getr_d_gw_btm?ie=UTF8,2020-09-21 09:18:01.482993,2020-09-21 09:18:01.611824,Carhartt Men's Acrylic Watch Hat,Carhartt Sportswear - Mens,2,B002G9UDYG,AE7SSZYOT6UWUSBEJFS3K2RTRRTQ
65,AHNE4LLP762COUENK4NH4ED25ZQQ,True,DONT ORDER,"Ordered 2 of these Carhartt Men's Hat and were different sizes and both too small. I got 3 people with I guess you could say ""regular"" sized heads to try them on and they would barely go on... My review is based on the fitment, because I cannot judge the quality/longevity of hat if I cant wear it...","January 30, 2020",Jared,1.0,0,https://www.amazon.ca/gp/profile/amzn1.account.AHNE4LLP762COUENK4NH4ED25ZQQ/ref=cm_cr_getr_d_gw_btm?ie=UTF8,2020-09-21 09:18:01.615728,2020-09-21 09:18:01.740657,Carhartt Men's Acrylic Watch Hat,Carhartt Sportswear - Mens,2,B002G9UDYG,AE7SSZYOT6UWUSBEJFS3K2RTRRTQ
66,AEZB3AYC3ZMG3BTWEIOEJZBOSRJQ,True,Too small for my head but very nice quality and color!,Very nice hat and great quality but way too small! Gives me headaches when I wear it...! Wore it once and nowmit sits in my drawer...! :(,"April 4, 2020",Mike,3.0,0,https://www.amazon.ca/gp/profile/amzn1.account.AEZB3AYC3ZMG3BTWEIOEJZBOSRJQ/ref=cm_cr_getr_d_gw_btm?ie=UTF8,2020-09-21 09:18:01.745536,2020-09-21 09:18:01.885105,Carhartt Men's Acrylic Watch Hat,Carhartt Sportswear - Mens,2,B002G9UDYG,AE7SSZYOT6UWUSBEJFS3K2RTRRTQ
67,AHRYLKC6CC5PJ73XSUEW5DKO5MIQ,True,Best Winter Hat,Simple and durable. Hard to go wrong with the Carhartt winter hats. Picked up the orange one for better visibility in the yard. My black one has lasted 3+ years of regular use. These winter hats are amazing.,"January 31, 2019",Stefan P,5.0,0,https://www.amazon.ca/gp/profile/amzn1.account.AHRYLKC6CC5PJ73XSUEW5DKO5MIQ/ref=cm_cr_getr_d_gw_btm?ie=UTF8,2020-09-21 09:18:01.889007,2020-09-21 09:18:02.012959,Carhartt Men's Acrylic Watch Hat,Carhartt Sportswear - Mens,2,B002G9UDYG,AE7SSZYOT6UWUSBEJFS3K2RTRRTQ
68,AE6WIGGA6QK2EDGA2A26SR4SEAUQ,True,Inconsistent sizes,"I'm a little disappointed with the size consistency from Carhartt. I bought three of these hats in different colours and they were all different sizes! Black & white was normal, grey is a little tight, and the brown/sandstone one was so tiny I had to return it!","January 5, 2020",Sherry,4.0,0,https://www.amazon.ca/gp/profile/amzn1.account.AE6WIGGA6QK2EDGA2A26SR4SEAUQ/ref=cm_cr_getr_d_gw_btm?ie=UTF8,2020-09-21 09:18:02.016863,2020-09-21 09:18:02.171072,Carhartt Men's Acrylic Watch Hat,Carhartt Sportswear - Mens,2,B002G9UDYG,AE7SSZYOT6UWUSBEJFS3K2RTRRTQ
69,AFBKDKJUYZMEVABZJ2PBLR2GAETA,True,Sizing is not consistent!!,I purchased two. One in the forest and one in the marled Grey. Both of them were super ill fitting. The grey one was significantly larger than the green. Luckily I have a small head so the green one fits (ish) but the marled Grey is ridiculously oversized.,"January 21, 2020",JFern80,3.0,0,https://www.amazon.ca/gp/profile/amzn1.account.AFBKDKJUYZMEVABZJ2PBLR2GAETA/ref=cm_cr_getr_d_gw_btm?ie=UTF8,2020-09-21 09:18:02.179856,2020-09-21 09:18:02.315519,Carhartt Men's Acrylic Watch Hat,Carhartt Sportswear - Mens,2,B002G9UDYG,AE7SSZYOT6UWUSBEJFS3K2RTRRTQ
70,AHIE7INSSNIG2P3LWT2A5KUXJRMQ,True,Love this hat.,I love Carthartt and this hat is just the perfect size. It's warmer that I expected so I'll be using it in winter to see how it works.,"May 5, 2020",RioGa,5.0,0,https://www.amazon.ca/gp/profile/amzn1.account.AHIE7INSSNIG2P3LWT2A5KUXJRMQ/ref=cm_cr_getr_d_gw_btm?ie=UTF8,2020-09-21 09:18:07.482487,2020-09-21 09:18:07.609365,Carhartt Men's Acrylic Watch Hat,Carhartt Sportswear - Mens,2,B002G9UDYG,AE7SSZYOT6UWUSBEJFS3K2RTRRTQ
71,AEXXJDN7ZK3XBT6AFQ2WKWOBNTTQ,True,Weird sizing,"I don't think I'm going to keep buying these Carhartt hats. I bought several black ones, grey, red, orange and this green one. Not a single one of them fits the same. It's annoying.","January 31, 2020",Zsolt,2.0,0,https://www.amazon.ca/gp/profile/amzn1.account.AEXXJDN7ZK3XBT6AFQ2WKWOBNTTQ/ref=cm_cr_getr_d_gw_btm?ie=UTF8,2020-09-21 09:18:07.613270,2020-09-21 09:18:07.737222,Carhartt Men's Acrylic Watch Hat,Carhartt Sportswear - Mens,2,B002G9UDYG,AE7SSZYOT6UWUSBEJFS3K2RTRRTQ
72,AHY36ODZYTXD4WOQO6ZTYBAETDIA,True,Simply the best value toque - and a inexpensive style icon,"What can I say about this Carhartt hat that hasn't already been said. Its comfy, its strechy, its warm and its stylish. The signature Carhartt logo gets noticed from a distance, and is always in style, whether in the city or the country. I love it.","December 15, 2019",gregory oneill,5.0,0,https://www.amazon.ca/gp/profile/amzn1.account.AHY36ODZYTXD4WOQO6ZTYBAETDIA/ref=cm_cr_getr_d_gw_btm?ie=UTF8,2020-09-21 09:18:07.741125,2020-09-21 09:18:07.871909,Carhartt Men's Acrylic Watch Hat,Carhartt Sportswear - Mens,2,B002G9UDYG,AE7SSZYOT6UWUSBEJFS3K2RTRRTQ
73,AEH2EUFNUJNU6H4ZCMQANIYFVYZA,True,Good purchase,"Good purchase, I use this almost every day when the weather calls for it...would buy again.","January 29, 2019",Nick,5.0,One,https://www.amazon.ca/gp/profile/amzn1.account.AEH2EUFNUJNU6H4ZCMQANIYFVYZA/ref=cm_cr_getr_d_gw_btm?ie=UTF8,2020-09-21 09:18:07.882646,2020-09-21 09:18:08.014404,Carhartt Men's Acrylic Watch Hat,Carhartt Sportswear - Mens,2,B002G9UDYG,AE7SSZYOT6UWUSBEJFS3K2RTRRTQ
74,AE4CFIRQD5NGL4MWURFENKCLJWTQ,True,ahh,"nice material but wearing at my cabin outside in -15 wasn't good ,keeps u warm but way to big ,slides off all the time when working outside","March 4, 2020",bob faustman,3.0,0,https://www.amazon.ca/gp/profile/amzn1.account.AE4CFIRQD5NGL4MWURFENKCLJWTQ/ref=cm_cr_getr_d_gw_btm?ie=UTF8,2020-09-21 09:18:08.018309,2020-09-21 09:18:08.143239,Carhartt Men's Acrylic Watch Hat,Carhartt Sportswear - Mens,2,B002G9UDYG,AE7SSZYOT6UWUSBEJFS3K2RTRRTQ
75,AGMEEUXCPVWTWLRD22URKAIUGAAQ,True,A Quality Thick Toque,its not easy to find a good warm mens toque in solid white. I purchased for winter hunting in Manitoba's extreme cold winters. Never a complaint about being cold. it held its shape well all season. confident it will be of use for many years to come,"February 20, 2020",Welby,5.0,0,https://www.amazon.ca/gp/profile/amzn1.account.AGMEEUXCPVWTWLRD22URKAIUGAAQ/ref=cm_cr_getr_d_gw_btm?ie=UTF8,2020-09-21 09:18:08.148117,2020-09-21 09:18:08.281856,Carhartt Men's Acrylic Watch Hat,Carhartt Sportswear - Mens,2,B002G9UDYG,AE7SSZYOT6UWUSBEJFS3K2RTRRTQ
76,AGFCZPXKBSK4KZIHSFEVZR75SG6A,True,Love it!!,Nice material. Fits exactly how I wanted to. It's not too tight. But not too loose and the top doesn't stick up straight but hangs back off my head a little I love it.,"October 20, 2019",Marisa Chaves ,5.0,0,https://www.amazon.ca/gp/profile/amzn1.account.AGFCZPXKBSK4KZIHSFEVZR75SG6A/ref=cm_cr_getr_d_gw_btm?ie=UTF8,2020-09-21 09:18:08.286735,2020-09-21 09:18:08.407781,Carhartt Men's Acrylic Watch Hat,Carhartt Sportswear - Mens,2,B002G9UDYG,AE7SSZYOT6UWUSBEJFS3K2RTRRTQ
77,AEI6OEBZ53LY4WFMO345OLUBLLHA,True,Nice Toque,"Fit as expected for a one size fits all. Material is good, no loose threads. Kept colour after a wash. Works well.","December 13, 2019",Andy,5.0,0,https://www.amazon.ca/gp/profile/amzn1.account.AEI6OEBZ53LY4WFMO345OLUBLLHA/ref=cm_cr_getr_d_gw_btm?ie=UTF8,2020-09-21 09:18:08.411685,2020-09-21 09:18:08.538598,Carhartt Men's Acrylic Watch Hat,Carhartt Sportswear - Mens,2,B002G9UDYG,AE7SSZYOT6UWUSBEJFS3K2RTRRTQ
78,AG7TNXHY5HYYMG4RSZXE6ZFY3ZIA,True,Authentic product,"Authentic product will buy again, price is cheap compared to most stores","October 23, 2019",Clark,5.0,One,https://www.amazon.ca/gp/profile/amzn1.account.AG7TNXHY5HYYMG4RSZXE6ZFY3ZIA/ref=cm_cr_getr_d_gw_btm?ie=UTF8,2020-09-21 09:18:08.542476,2020-09-21 09:18:08.683998,Carhartt Men's Acrylic Watch Hat,Carhartt Sportswear - Mens,2,B002G9UDYG,AE7SSZYOT6UWUSBEJFS3K2RTRRTQ
79,AHLMFYWJKEEB5T3YW6KMDYUZYDCA,True,Brown Toque,"On average my head is on the smaller side and this toque was like a compression sock. I bought 2, one for me and one for my 4 year old. Ended up using for her and my 2 year old son.","February 22, 2020",Amazon Customer,3.0,0,https://www.amazon.ca/gp/profile/amzn1.account.AHLMFYWJKEEB5T3YW6KMDYUZYDCA/ref=cm_cr_getr_d_gw_btm?ie=UTF8,2020-09-21 09:18:08.688877,2020-09-21 09:18:08.817708,Carhartt Men's Acrylic Watch Hat,Carhartt Sportswear - Mens,2,B002G9UDYG,AE7SSZYOT6UWUSBEJFS3K2RTRRTQ
80,AEMBFVDNU4RASOJOWBYG7Y5RVQVA,True,Perfect,It's exactly as listed. Doesn't smell funny. Fits perfectly. Stitched well and it's warm. I live it. I want all the colours now!,"September 19, 2020",Kiki,5.0,0,https://www.amazon.ca/gp/profile/amzn1.account.AEMBFVDNU4RASOJOWBYG7Y5RVQVA/ref=cm_cr_getr_d_gw_btm?ie=UTF8,2020-09-21 09:18:14.975049,2020-09-21 09:18:15.148776,Carhartt Men's Acrylic Watch Hat,Carhartt Sportswear - Mens,2,B002G9UDYG,AE7SSZYOT6UWUSBEJFS3K2RTRRTQ
81,AEOWMAP3FXSZXJQHRKVGRWAOJODA,True,Good quality,Bought this hat for my boyfriend to go with the same brand of winter jacket. Fits well and feels like it's good quality. Keeps him warm.,"March 4, 2020",Kate,5.0,0,https://www.amazon.ca/gp/profile/amzn1.account.AEOWMAP3FXSZXJQHRKVGRWAOJODA/ref=cm_cr_getr_d_gw_btm?ie=UTF8,2020-09-21 09:18:15.152679,2020-09-21 09:18:15.277607,Carhartt Men's Acrylic Watch Hat,Carhartt Sportswear - Mens,2,B002G9UDYG,AE7SSZYOT6UWUSBEJFS3K2RTRRTQ
82,AFAEFVKHD5UYPA25ATX6TK24S4RA,True,Warm hat just in time for the extreme cold,"Hat arrived a few days before the crazy winter started. It's been warm and sufficient for covering up my ears. Have received phone calls and used over the ear headphones with no issues.

Recommended!","February 4, 2019",Azhar,5.0,0,https://www.amazon.ca/gp/profile/amzn1.account.AFAEFVKHD5UYPA25ATX6TK24S4RA/ref=cm_cr_getr_d_gw_btm?ie=UTF8,2020-09-21 09:18:15.281511,2020-09-21 09:18:15.417174,Carhartt Men's Acrylic Watch Hat,Carhartt Sportswear - Mens,2,B002G9UDYG,AE7SSZYOT6UWUSBEJFS3K2RTRRTQ
83,AE654YAMXP57YADVAJENFUNGBKZQ,True,The only hat that fits my large skull,"I have a fairly larger head compared to the average person and have always struggled finding a winter hat that fits and keeps me warm during the Canadian winters. I buy at least one of these every year, I will never struggle with cold ears again.","March 22, 2020",Amazon Customer,5.0,0,https://www.amazon.ca/gp/profile/amzn1.account.AE654YAMXP57YADVAJENFUNGBKZQ/ref=cm_cr_getr_d_gw_btm?ie=UTF8,2020-09-21 09:18:15.421078,2020-09-21 09:18:15.543077,Carhartt Men's Acrylic Watch Hat,Carhartt Sportswear - Mens,2,B002G9UDYG,AE7SSZYOT6UWUSBEJFS3K2RTRRTQ
84,AG5XFWAMIZ3RKTIK7NI2WVESP2VA,True,Pretty good,I really like this toque. Great for hunting. I do find it slides up quite often but it is warm and bright. Little pricey for a toque but I needed an orange one.,"November 26, 2019",K Hamm,4.0,0,https://www.amazon.ca/gp/profile/amzn1.account.AG5XFWAMIZ3RKTIK7NI2WVESP2VA/ref=cm_cr_getr_d_gw_btm?ie=UTF8,2020-09-21 09:18:15.547958,2020-09-21 09:18:15.676790,Carhartt Men's Acrylic Watch Hat,Carhartt Sportswear - Mens,2,B002G9UDYG,AE7SSZYOT6UWUSBEJFS3K2RTRRTQ
85,AHNMY2UPTJJZ5QXQT55CLIYLVFUA,True,Good hat!,"My husband is allergic to wool so I’ve had trouble finding him a nice looking hat that didn’t make him itch! This one is great quality, keeps him warm, and looks good!","February 2, 2019",Amazon Customer,5.0,One,https://www.amazon.ca/gp/profile/amzn1.account.AHNMY2UPTJJZ5QXQT55CLIYLVFUA/ref=cm_cr_getr_d_gw_btm?ie=UTF8,2020-09-21 09:18:15.687526,2020-09-21 09:18:15.818309,Carhartt Men's Acrylic Watch Hat,Carhartt Sportswear - Mens,2,B002G9UDYG,AE7SSZYOT6UWUSBEJFS3K2RTRRTQ
86,AEULY7GFDYMTUPGF54QGIQRFQNWQ,True,I got the wrong color,"I ordered the dark green color and what I received was dark grey. Three stars bc quality is good, just totally the wrong color than what I ordered.","October 2, 2019",Amazon Customer,3.0,0,https://www.amazon.ca/gp/profile/amzn1.account.AEULY7GFDYMTUPGF54QGIQRFQNWQ/ref=cm_cr_getr_d_gw_btm?ie=UTF8,2020-09-21 09:18:15.823190,2020-09-21 09:18:15.946203,Carhartt Men's Acrylic Watch Hat,Carhartt Sportswear - Mens,2,B002G9UDYG,AE7SSZYOT6UWUSBEJFS3K2RTRRTQ
87,AH7A3F56QR2JW2DFRX6YLJXJWCXA,True,Snug but warm,I find it fits a bit snug but I do have a larger head. It is very warm and goes with any outfit/coat. I wear it in the fall and spring too.,"August 16, 2020",Tanner Green,5.0,0,https://www.amazon.ca/gp/profile/amzn1.account.AH7A3F56QR2JW2DFRX6YLJXJWCXA/ref=cm_cr_getr_d_gw_btm?ie=UTF8,2020-09-21 09:18:15.950107,2020-09-21 09:18:16.082843,Carhartt Men's Acrylic Watch Hat,Carhartt Sportswear - Mens,2,B002G9UDYG,AE7SSZYOT6UWUSBEJFS3K2RTRRTQ
88,AEYD26VMC4YTD3GZW5JIKN4GXHOA,True,Warm and Soft,I love my purchase. It's been just a couple of weeks but I am happy with my purchase. Doesn't allow air through the material. Does loosen along with each wear. But it's comfortable.,"November 21, 2019",Chantelle,5.0,0,https://www.amazon.ca/gp/profile/amzn1.account.AEYD26VMC4YTD3GZW5JIKN4GXHOA/ref=cm_cr_getr_d_gw_btm?ie=UTF8,2020-09-21 09:18:16.086747,2020-09-21 09:18:16.237126,Carhartt Men's Acrylic Watch Hat,Carhartt Sportswear - Mens,2,B002G9UDYG,AE7SSZYOT6UWUSBEJFS3K2RTRRTQ
89,AFFY6HV5TAFGHZEFTYI6PKUZGFHQ,True,Warm and cozy,"I love this toque. It fits nicely and is nice and thick for working up in the Arctic. I’m a female and it wasn’t too big on me at all, has lots of stretch to it as well.","October 2, 2019",Darcie,5.0,0,https://www.amazon.ca/gp/profile/amzn1.account.AFFY6HV5TAFGHZEFTYI6PKUZGFHQ/ref=cm_cr_getr_d_gw_btm?ie=UTF8,2020-09-21 09:18:16.241031,2020-09-21 09:18:16.357175,Carhartt Men's Acrylic Watch Hat,Carhartt Sportswear - Mens,2,B002G9UDYG,AE7SSZYOT6UWUSBEJFS3K2RTRRTQ
90,AFBIILIMVJVTGIVMRGVDO4ONGXQA,True,Fits perfect,"Such great quality! My husband and I have matching toques. We love them, keep our heads very warm.","September 12, 2020",Amazon Customer,5.0,0,https://www.amazon.ca/gp/profile/amzn1.account.AFBIILIMVJVTGIVMRGVDO4ONGXQA/ref=cm_cr_getr_d_gw_btm?ie=UTF8,2020-09-21 09:18:22.499764,2020-09-21 09:18:22.627621,Carhartt Men's Acrylic Watch Hat,Carhartt Sportswear - Mens,2,B002G9UDYG,AE7SSZYOT6UWUSBEJFS3K2RTRRTQ
91,AGMNBHJETQGIN3BI6DMLHKCVJCBA,True,Great product,"So happy I bought this, I wear it camping on colder nights keeps me warm. Like everything about it","August 14, 2020",Amazon Customer,5.0,0,https://www.amazon.ca/gp/profile/amzn1.account.AGMNBHJETQGIN3BI6DMLHKCVJCBA/ref=cm_cr_getr_d_gw_btm?ie=UTF8,2020-09-21 09:18:22.638356,2020-09-21 09:18:22.762309,Carhartt Men's Acrylic Watch Hat,Carhartt Sportswear - Mens,2,B002G9UDYG,AE7SSZYOT6UWUSBEJFS3K2RTRRTQ
92,AFZ4RD26BCBBH3ZDI5UOYJKWWEFQ,True,Perfect for under his hard hat during night shifts and ...,This is gone through the wash quite a few times. My Hunny works at a mine so is dusty every day. Perfect for under his hard hat during night shifts and holding up really well to regular washes.,"October 24, 2018",Josephine Child,5.0,0,https://www.amazon.ca/gp/profile/amzn1.account.AFZ4RD26BCBBH3ZDI5UOYJKWWEFQ/ref=cm_cr_getr_d_gw_btm?ie=UTF8,2020-09-21 09:18:22.766211,2020-09-21 09:18:22.895044,Carhartt Men's Acrylic Watch Hat,Carhartt Sportswear - Mens,2,B002G9UDYG,AE7SSZYOT6UWUSBEJFS3K2RTRRTQ
93,AEACIABZ4GC6PZTTTHBFKWBGHP4Q,True,however these Carhartt hat's are soo comfortable and are flexible enough for my head size,"I've always been worried about buying winter hats because I have a big head. Sizing has always made me worried, however these Carhartt hat's are soo comfortable and are flexible enough for my head size. Definitely a great buy for the price.","December 1, 2017",Ronwell Pusong,5.0,2,https://www.amazon.ca/gp/profile/amzn1.account.AEACIABZ4GC6PZTTTHBFKWBGHP4Q/ref=cm_cr_getr_d_gw_btm?ie=UTF8,2020-09-21 09:18:22.898949,2020-09-21 09:18:23.048276,Carhartt Men's Acrylic Watch Hat,Carhartt Sportswear - Mens,2,B002G9UDYG,AE7SSZYOT6UWUSBEJFS3K2RTRRTQ
94,AFS3IUKCX45MFPXLB7NDSFXBCRZQ,True,A Good Quality Touque,This is my second Carhartt touque. Both have been well made and very warm. This touque fits a little snug but otherwise it's a good product.,"October 16, 2019",MrBabylon9000,4.0,0,https://www.amazon.ca/gp/profile/amzn1.account.AFS3IUKCX45MFPXLB7NDSFXBCRZQ/ref=cm_cr_getr_d_gw_btm?ie=UTF8,2020-09-21 09:18:23.054131,2020-09-21 09:18:23.179061,Carhartt Men's Acrylic Watch Hat,Carhartt Sportswear - Mens,2,B002G9UDYG,AE7SSZYOT6UWUSBEJFS3K2RTRRTQ
95,AGCMJVZEJIQRCCUSGHLRILMYYLBA,True,It's great!,"Truly the best thing ive ever ordered. amazing quality, love the color, soft material, new. best investment of money for sure!","February 3, 2020",Kiara,5.0,0,https://www.amazon.ca/gp/profile/amzn1.account.AGCMJVZEJIQRCCUSGHLRILMYYLBA/ref=cm_cr_getr_d_gw_btm?ie=UTF8,2020-09-21 09:18:23.183964,2020-09-21 09:18:23.305939,Carhartt Men's Acrylic Watch Hat,Carhartt Sportswear - Mens,2,B002G9UDYG,AE7SSZYOT6UWUSBEJFS3K2RTRRTQ
96,AEGYRKW2K7DFJVUIF3G2YU5FP6AQ,True,Label should be bilingual....,i was surprise that the label was only in English! Considering I purchased it in Canada! Even if this product was made in the USA !,"November 24, 2019",DOMINICK CARON,5.0,0,https://www.amazon.ca/gp/profile/amzn1.account.AEGYRKW2K7DFJVUIF3G2YU5FP6AQ/ref=cm_cr_getr_d_gw_btm?ie=UTF8,2020-09-21 09:18:23.309842,2020-09-21 09:18:23.444531,Carhartt Men's Acrylic Watch Hat,Carhartt Sportswear - Mens,2,B002G9UDYG,AE7SSZYOT6UWUSBEJFS3K2RTRRTQ
97,AGIGEGHXSGJHXTSFEKZXLAQ5NAYA,True,Fits snug and keeps you warm!,"I have three of these hats. They are all great. I like the simple design. And they keep me snug and warm. Recommended. Thick material, not cheaply made.","November 11, 2018",A J S,5.0,One,https://www.amazon.ca/gp/profile/amzn1.account.AGIGEGHXSGJHXTSFEKZXLAQ5NAYA/ref=cm_cr_getr_d_gw_btm?ie=UTF8,2020-09-21 09:18:23.448435,2020-09-21 09:18:23.577267,Carhartt Men's Acrylic Watch Hat,Carhartt Sportswear - Mens,2,B002G9UDYG,AE7SSZYOT6UWUSBEJFS3K2RTRRTQ
98,AGO6PFKXZYQI47B4R64ZUV4MACCQ,True,Great product,"Love this brand, great price great quality. I'll have to stretch it out a little to fit properly, I prefer like a loose beanie feel. Fast shipping with Amazon prime","April 4, 2019",JessicaaNorris,5.0,0,https://www.amazon.ca/gp/profile/amzn1.account.AGO6PFKXZYQI47B4R64ZUV4MACCQ/ref=cm_cr_getr_d_gw_btm?ie=UTF8,2020-09-21 09:18:23.583123,2020-09-21 09:18:23.719762,Carhartt Men's Acrylic Watch Hat,Carhartt Sportswear - Mens,2,B002G9UDYG,AE7SSZYOT6UWUSBEJFS3K2RTRRTQ
99,AFNIYYHQRIIRXFA64TSIIC27P62Q,True,It’s warm but colours they send not ACCURATE!?,It was a nice warm toque but the colour wasn’t ACCURATE though!? I ordered yellow gold they send me brown. 🤣 so I gave 3stars only.,"November 9, 2019",ShadowMoon,3.0,0,https://www.amazon.ca/gp/profile/amzn1.account.AFNIYYHQRIIRXFA64TSIIC27P62Q/ref=cm_cr_getr_d_gw_btm?ie=UTF8,2020-09-21 09:18:23.724642,2020-09-21 09:18:23.852497,Carhartt Men's Acrylic Watch Hat,Carhartt Sportswear - Mens,2,B002G9UDYG,AE7SSZYOT6UWUSBEJFS3K2RTRRTQ
100,AHZ4VKVW6HJKOGCKMKD6MDHCGPMQ,True,Comfy,Comfy large enough to fold down forehead when cold or up for more snug fit. Worth the extra money.,"December 11, 2019",Retrospective,5.0,0,https://www.amazon.ca/gp/profile/amzn1.account.AHZ4VKVW6HJKOGCKMKD6MDHCGPMQ/ref=cm_cr_getr_d_gw_btm?ie=UTF8,2020-09-21 09:18:26.022431,2020-09-21 09:18:26.162974,Carhartt Men's Acrylic Watch Hat,Carhartt Sportswear - Mens,2,B002G9UDYG,AE7SSZYOT6UWUSBEJFS3K2RTRRTQ
101,AFRXOGLBHCSOYN6AISNO7L7TQFGQ,True,My favorite beanie,"I live in Canada, this beanie is a snug fit, warm and a bit classier to wear than most.","February 6, 2020",Canadian Buyer,5.0,0,https://www.amazon.ca/gp/profile/amzn1.account.AFRXOGLBHCSOYN6AISNO7L7TQFGQ/ref=cm_cr_getr_d_gw_btm?ie=UTF8,2020-09-21 09:18:26.166880,2020-09-21 09:18:26.290831,Carhartt Men's Acrylic Watch Hat,Carhartt Sportswear - Mens,2,B002G9UDYG,AE7SSZYOT6UWUSBEJFS3K2RTRRTQ
102,AEJ67XIGRBIVTZPQ6SG5CHQEUAMA,True,Love this toque,"Big fan of this toque, exactly what I wanted. A fan of carhart and this was great value for the cost.","May 18, 2020",Andy H,5.0,0,https://www.amazon.ca/gp/profile/amzn1.account.AEJ67XIGRBIVTZPQ6SG5CHQEUAMA/ref=cm_cr_getr_d_gw_btm?ie=UTF8,2020-09-21 09:18:26.294734,2020-09-21 09:18:26.433326,Carhartt Men's Acrylic Watch Hat,Carhartt Sportswear - Mens,2,B002G9UDYG,AE7SSZYOT6UWUSBEJFS3K2RTRRTQ
103,AFVXU7P5ETHW7MMMCCMRPD7WY35Q,True,Great deal for a hat made in Canada,"Great hat good quality, made in Canada, high visibility and fashionable","December 7, 2019",Joffrey,5.0,One,https://www.amazon.ca/gp/profile/amzn1.account.AFVXU7P5ETHW7MMMCCMRPD7WY35Q/ref=cm_cr_getr_d_gw_btm?ie=UTF8,2020-09-21 09:18:26.438206,2020-09-21 09:18:26.568014,Carhartt Men's Acrylic Watch Hat,Carhartt Sportswear - Mens,2,B002G9UDYG,AE7SSZYOT6UWUSBEJFS3K2RTRRTQ
104,AEPYJPMDFQZQBTMYC4KPYXVQS77A,True,Great Buy,"Came earlier than expected. Great fit. Great wear. Went through the wash a few times now & the fabric still looks like new with no pulling or stretch. Might buy another one in a different colour. Awesome winter hat, it’s pretty warm. However the wind does cut through this thing pretty easily. But for the price you can’t really lose.","April 10, 2018",Amazon Customer,5.0,0,https://www.amazon.ca/gp/profile/amzn1.account.AEPYJPMDFQZQBTMYC4KPYXVQS77A/ref=cm_cr_getr_d_gw_btm?ie=UTF8,2020-09-21 09:18:26.572894,2020-09-21 09:18:26.697876,Carhartt Men's Acrylic Watch Hat,Carhartt Sportswear - Mens,2,B002G9UDYG,AE7SSZYOT6UWUSBEJFS3K2RTRRTQ
105,AFVA27C66R6XL7VGJT6G6ELOQ2QA,True,Such a disappointment,"I bought two different colors. One black and grey, all of them are made in CANADA but they are not the same size which is very strange because it should be one size so I am very disappointed with one of them which is too large.
So now I have one that I can wear one and not the other. You can see the difference with the pics.
I will read some books for the next winter, maybe I will get a bigger head.","February 8, 2019",Mariasha,3.0,0,https://www.amazon.ca/gp/profile/amzn1.account.AFVA27C66R6XL7VGJT6G6ELOQ2QA/ref=cm_cr_getr_d_gw_btm?ie=UTF8,2020-09-21 09:18:26.705685,2020-09-21 09:18:26.842323,Carhartt Men's Acrylic Watch Hat,Carhartt Sportswear - Mens,2,B002G9UDYG,AE7SSZYOT6UWUSBEJFS3K2RTRRTQ
106,AHWAKG6H5IFVFEC3KERZ4C4QCVEQ,True,Cute & cozy,Super cute & very warm. Wore these while walking around campus in -30°C & my head was kept very warm.,"June 23, 2020",Erin,5.0,0,https://www.amazon.ca/gp/profile/amzn1.account.AHWAKG6H5IFVFEC3KERZ4C4QCVEQ/ref=cm_cr_getr_d_gw_btm?ie=UTF8,2020-09-21 09:18:26.847204,2020-09-21 09:18:26.970179,Carhartt Men's Acrylic Watch Hat,Carhartt Sportswear - Mens,2,B002G9UDYG,AE7SSZYOT6UWUSBEJFS3K2RTRRTQ
107,AE63EF2XJNHHJO5UEIPFFJQ7MDTA,True,Slightly bigger but I love it,"Slightly larger than normal and a softer more relaxed fit, I absolutely love it honestly wish they all came a little bigger like this","April 9, 2020",Brie3251,5.0,0,https://www.amazon.ca/gp/profile/amzn1.account.AE63EF2XJNHHJO5UEIPFFJQ7MDTA/ref=cm_cr_getr_d_gw_btm?ie=UTF8,2020-09-21 09:18:26.974084,2020-09-21 09:18:27.106854,Carhartt Men's Acrylic Watch Hat,Carhartt Sportswear - Mens,2,B002G9UDYG,AE7SSZYOT6UWUSBEJFS3K2RTRRTQ
108,AGGOD57OGZ5F3RRRZWCVVQW2RDOA,True,Perfect,"This hat is perfect. I have a massive head and it fits perfectly. My head is at least 2-3 inches bigger than the average, this hat is very well made. Got the grey.","March 10, 2019",John,5.0,0,https://www.amazon.ca/gp/profile/amzn1.account.AGGOD57OGZ5F3RRRZWCVVQW2RDOA/ref=cm_cr_getr_d_gw_btm?ie=UTF8,2020-09-21 09:18:27.110758,2020-09-21 09:18:27.230812,Carhartt Men's Acrylic Watch Hat,Carhartt Sportswear - Mens,2,B002G9UDYG,AE7SSZYOT6UWUSBEJFS3K2RTRRTQ
109,AEL6XCK7JDCOD2BSTJ4FTHKPNX4Q,True,True to Carhartt quality! Great brand and I’m not a brand person.,"Love. Great price. Warm. I wear a lot of black and have dark hair, so this is a nice contrast. Bulges up a bit on top but that may be because I have a relatively small head (especially considering my large brain. Lol!)","April 13, 2020",Michelle Loewen,5.0,0,https://www.amazon.ca/gp/profile/amzn1.account.AEL6XCK7JDCOD2BSTJ4FTHKPNX4Q/ref=cm_cr_getr_d_gw_btm?ie=UTF8,2020-09-21 09:18:27.234717,2020-09-21 09:18:27.358702,Carhartt Men's Acrylic Watch Hat,Carhartt Sportswear - Mens,2,B002G9UDYG,AE7SSZYOT6UWUSBEJFS3K2RTRRTQ
110,AFQ6XCTI7E25URDVTAWAVISBMJOQ,True,Simply amazing love Carhartt,"Best hat for the winter. Everything made by carhartt is perfection!! I recommend these for warmth and style. This is my 4th pair, all different colours, can’t go wrong","January 20, 2019",mark H,5.0,0,https://www.amazon.ca/gp/profile/amzn1.account.AFQ6XCTI7E25URDVTAWAVISBMJOQ/ref=cm_cr_getr_d_gw_btm?ie=UTF8,2020-09-21 09:18:31.528361,2020-09-21 09:18:31.660121,Carhartt Men's Acrylic Watch Hat,Carhartt Sportswear - Mens,2,B002G9UDYG,AE7SSZYOT6UWUSBEJFS3K2RTRRTQ
111,AGF47MU4LLHNNBAETOTKRJD3G3OQ,True,Great product but tight,"The product is of great quality, definitely will keep you warm even in -25 Celsius. However, it is far too tight for me, and for most people I would assume. I’m a 5’6 first year student, and after wearing the hat for about 10 min, I felt a headache coming. I’ve returned the product now. It is a Great product, but definelty recommend it for younger audience or smaller people.","December 25, 2018",Rjain,4.0,0,https://www.amazon.ca/gp/profile/amzn1.account.AGF47MU4LLHNNBAETOTKRJD3G3OQ/ref=cm_cr_getr_d_gw_btm?ie=UTF8,2020-09-21 09:18:31.669883,2020-09-21 09:18:31.796761,Carhartt Men's Acrylic Watch Hat,Carhartt Sportswear - Mens,2,B002G9UDYG,AE7SSZYOT6UWUSBEJFS3K2RTRRTQ
112,AF3K4SNNGML2L24HPQTLNXTXUFCA,True,Carhartt is fashion,Great fashionable toque to wear to fancy parties or out shopping. Looks great dressed up or dressed down. Fits perfect and it's warm so this high fashion item is also functionable.,"October 30, 2018",Stephanie,5.0,0,https://www.amazon.ca/gp/profile/amzn1.account.AF3K4SNNGML2L24HPQTLNXTXUFCA/ref=cm_cr_getr_d_gw_btm?ie=UTF8,2020-09-21 09:18:31.800665,2020-09-21 09:18:31.924616,Carhartt Men's Acrylic Watch Hat,Carhartt Sportswear - Mens,2,B002G9UDYG,AE7SSZYOT6UWUSBEJFS3K2RTRRTQ
113,AEKMWF2OTZ4AAQ3WI2IVNLY2TRIA,True,Seems legit,"I love carhartt toques. I was a bit skeptical buying one off amazon, but it looks and feels exactly like other carhartt toques I have.","December 16, 2019",Jennifer,5.0,0,https://www.amazon.ca/gp/profile/amzn1.account.AEKMWF2OTZ4AAQ3WI2IVNLY2TRIA/ref=cm_cr_getr_d_gw_btm?ie=UTF8,2020-09-21 09:18:31.928520,2020-09-21 09:18:32.062233,Carhartt Men's Acrylic Watch Hat,Carhartt Sportswear - Mens,2,B002G9UDYG,AE7SSZYOT6UWUSBEJFS3K2RTRRTQ
114,AE2LXBDK4OSRCGV4NESQV422L6DA,True,Great price,"Hat fits great, I was a little skeptical when buying since I have a smaller head. Hat sits high in the back so keep in mind its the style of the hat. Ordered the burgundy and tag confirmed made in the USA","November 14, 2018",Mike,5.0,0,https://www.amazon.ca/gp/profile/amzn1.account.AE2LXBDK4OSRCGV4NESQV422L6DA/ref=cm_cr_getr_d_gw_btm?ie=UTF8,2020-09-21 09:18:32.066137,2020-09-21 09:18:32.190088,Carhartt Men's Acrylic Watch Hat,Carhartt Sportswear - Mens,2,B002G9UDYG,AE7SSZYOT6UWUSBEJFS3K2RTRRTQ
115,AGMRHG7VTRBBAXVL5YN5IQSF4KDA,True,Small fit,The light grey colour is very small. It doesn't even fit my kids. My fault for not reading the other reviews first.,"March 3, 2020",Aero9k,2.0,0,https://www.amazon.ca/gp/profile/amzn1.account.AGMRHG7VTRBBAXVL5YN5IQSF4KDA/ref=cm_cr_getr_d_gw_btm?ie=UTF8,2020-09-21 09:18:32.194999,2020-09-21 09:18:32.317943,Carhartt Men's Acrylic Watch Hat,Carhartt Sportswear - Mens,2,B002G9UDYG,AE7SSZYOT6UWUSBEJFS3K2RTRRTQ
116,AFW2IXN2DLXGN2OS3VDD42SQE26A,True,Warm and comfy,It fits and warms my head. The colour is darker than I expected and it is somewhat small for my head when in closure. I use it to cover my hair. Overall it is great.,"December 20, 2018",Joseph Roland,5.0,0,https://www.amazon.ca/gp/profile/amzn1.account.AFW2IXN2DLXGN2OS3VDD42SQE26A/ref=cm_cr_getr_d_gw_btm?ie=UTF8,2020-09-21 09:18:32.321848,2020-09-21 09:18:32.456536,Carhartt Men's Acrylic Watch Hat,Carhartt Sportswear - Mens,2,B002G9UDYG,AE7SSZYOT6UWUSBEJFS3K2RTRRTQ
117,AEBORQKHIEZWJSNXTBMLNMC64NPQ,True,Unisex and Fits true to size and is very warm.,"Great knit beanie. Fashionable and practical. Fits into my coat pocket and saves me on bad hair days.
The delivery was quick and orice was right.","March 29, 2019",Burberry,5.0,0,https://www.amazon.ca/gp/profile/amzn1.account.AEBORQKHIEZWJSNXTBMLNMC64NPQ/ref=cm_cr_getr_d_gw_btm?ie=UTF8,2020-09-21 09:18:32.461415,2020-09-21 09:18:32.584391,Carhartt Men's Acrylic Watch Hat,Carhartt Sportswear - Mens,2,B002G9UDYG,AE7SSZYOT6UWUSBEJFS3K2RTRRTQ
118,AERGQTNCLBZY4ZHTY5Q22SNQHWRA,True,One of my favourite toques! Warm and Cozy!,I have been wearing this toque for a few days now and it has been great! It fits well and is incrediblly warm. I wish I had purchased this toque years ago as it would have become a winter wardrobe staple for me. I’m looking forward to wearing it this winter and will likely buy another in a more vibrant colour!,"December 24, 2018",dderek,5.0,0,https://www.amazon.ca/gp/profile/amzn1.account.AERGQTNCLBZY4ZHTY5Q22SNQHWRA/ref=cm_cr_getr_d_gw_btm?ie=UTF8,2020-09-21 09:18:32.589297,2020-09-21 09:18:32.726888,Carhartt Men's Acrylic Watch Hat,Carhartt Sportswear - Mens,2,B002G9UDYG,AE7SSZYOT6UWUSBEJFS3K2RTRRTQ
119,AEO6N72ER6BTSKUFHCQ2VQ2XRA2Q,True,Dope hat,"Love this beanie, had to get a new one cause my girlfriend stoled the old one, guess she likes them too","September 4, 2020",Amazon Customer,5.0,0,https://www.amazon.ca/gp/profile/amzn1.account.AEO6N72ER6BTSKUFHCQ2VQ2XRA2Q/ref=cm_cr_getr_d_gw_btm?ie=UTF8,2020-09-21 09:18:32.732742,2020-09-21 09:18:32.859656,Carhartt Men's Acrylic Watch Hat,Carhartt Sportswear - Mens,2,B002G9UDYG,AE7SSZYOT6UWUSBEJFS3K2RTRRTQ
120,AESZJ2U56NYF6W5AIZ4AY3G6J5AQ,True,Best beanie ive owned,"Super warm and comfy beanie. Can wear with anything. The grey one fitted small. As i also bought a brown one which fitted slight bigger so i gave that one to my hubby. Otherwise, love love love this beanie!","January 21, 2020",CoolMom,5.0,0,https://www.amazon.ca/gp/profile/amzn1.account.AESZJ2U56NYF6W5AIZ4AY3G6J5AQ/ref=cm_cr_getr_d_gw_btm?ie=UTF8,2020-09-21 09:18:38.014415,2020-09-21 09:18:38.179464,Carhartt Men's Acrylic Watch Hat,Carhartt Sportswear - Mens,2,B002G9UDYG,AE7SSZYOT6UWUSBEJFS3K2RTRRTQ
121,AE6LULSRNXL6676PKDJSK2DAUK7A,True,"Warm material, and rugged.","Wonderful hat, fits nice and snug. Warm material, and rugged. Made to last. It does have the peak that it shows in some of the photos so if that is not what you are after, but they have other styles to pick from.","July 14, 2018",Item Purchaser,5.0,0,https://www.amazon.ca/gp/profile/amzn1.account.AE6LULSRNXL6676PKDJSK2DAUK7A/ref=cm_cr_getr_d_gw_btm?ie=UTF8,2020-09-21 09:18:38.183365,2020-09-21 09:18:38.308293,Carhartt Men's Acrylic Watch Hat,Carhartt Sportswear - Mens,2,B002G9UDYG,AE7SSZYOT6UWUSBEJFS3K2RTRRTQ
122,AFSO47R5DD4ZEJUWEJCXCUDVF4RA,True,On trend,I love carhartt touques! Lots of other touques give me a headache but this one I can wear literally all day with no issues. Perfect for when I’m too lazy to do my hair!,"January 23, 2019",kiki&rocco,5.0,0,https://www.amazon.ca/gp/profile/amzn1.account.AFSO47R5DD4ZEJUWEJCXCUDVF4RA/ref=cm_cr_getr_d_gw_btm?ie=UTF8,2020-09-21 09:18:38.312197,2020-09-21 09:18:38.435222,Carhartt Men's Acrylic Watch Hat,Carhartt Sportswear - Mens,2,B002G9UDYG,AE7SSZYOT6UWUSBEJFS3K2RTRRTQ
123,AFP4QDFX4KCOKAQNSBTAVWQQBSCA,True,Good stuff,Looks good and good quality. But it fits tighter than other carhartt toques I own. Will have to stretch it out a bit and hope it loosens up.,"February 1, 2020",Kellie JD,4.0,0,https://www.amazon.ca/gp/profile/amzn1.account.AFP4QDFX4KCOKAQNSBTAVWQQBSCA/ref=cm_cr_getr_d_gw_btm?ie=UTF8,2020-09-21 09:18:38.439126,2020-09-21 09:18:38.566981,Carhartt Men's Acrylic Watch Hat,Carhartt Sportswear - Mens,2,B002G9UDYG,AE7SSZYOT6UWUSBEJFS3K2RTRRTQ
124,AGPZAUD5YGVNENASPIGEIE42VV5A,True,Super bright colour lol, Just love it my boyfriend just fell in love with it when he seen it I couldn’t be happier with the colour too very bright and fluorescent too but it stands out in a good way!,"May 13, 2020",Kaylee,5.0,0,https://www.amazon.ca/gp/profile/amzn1.account.AGPZAUD5YGVNENASPIGEIE42VV5A/ref=cm_cr_getr_d_gw_btm?ie=UTF8,2020-09-21 09:18:38.571862,2020-09-21 09:18:38.711429,Carhartt Men's Acrylic Watch Hat,Carhartt Sportswear - Mens,2,B002G9UDYG,AE7SSZYOT6UWUSBEJFS3K2RTRRTQ
125,AF76M665XCPKKNNZQQRMFPOJVKRA,True,Love it,Great for work and casual wear. I bought the black one too but I like this one way better. Better price then retail as well- I buy all my Carhartt off Amazon.,"January 27, 2019",Don D,5.0,0,https://www.amazon.ca/gp/profile/amzn1.account.AF76M665XCPKKNNZQQRMFPOJVKRA/ref=cm_cr_getr_d_gw_btm?ie=UTF8,2020-09-21 09:18:38.715332,2020-09-21 09:18:38.841237,Carhartt Men's Acrylic Watch Hat,Carhartt Sportswear - Mens,2,B002G9UDYG,AE7SSZYOT6UWUSBEJFS3K2RTRRTQ
126,AGN2VRMOJI7TD5HXPT7SUN3HURGA,True,Good hat,Nice hat with some good materiel. Keeps my head warm and feels nice. Just seems a little bit to big.,"February 4, 2020",bruh,4.0,0,https://www.amazon.ca/gp/profile/amzn1.account.AGN2VRMOJI7TD5HXPT7SUN3HURGA/ref=cm_cr_getr_d_gw_btm?ie=UTF8,2020-09-21 09:18:38.846116,2020-09-21 09:18:38.974949,Carhartt Men's Acrylic Watch Hat,Carhartt Sportswear - Mens,2,B002G9UDYG,AE7SSZYOT6UWUSBEJFS3K2RTRRTQ
127,AGLK7D4CCGUMZUXM6FYWYYOAFXOQ,True,Quality hat - long fit,"This is a quality hat, the color is beautiful/ as demonstrated in the photos.
However, if you're an adult with a small-medium sized head looking for a beanie that sits on tight on your head, this is probably not the hat for you (I would suggest going with a youth size in that case, worked for me!)","November 18, 2018",Em,5.0,0,https://www.amazon.ca/gp/profile/amzn1.account.AGLK7D4CCGUMZUXM6FYWYYOAFXOQ/ref=cm_cr_getr_d_gw_btm?ie=UTF8,2020-09-21 09:18:38.978852,2020-09-21 09:18:39.103821,Carhartt Men's Acrylic Watch Hat,Carhartt Sportswear - Mens,2,B002G9UDYG,AE7SSZYOT6UWUSBEJFS3K2RTRRTQ
128,AHJCS7TTDHGMBZJB5XHE4Z7BXUVA,True,Bonne tuque,je suis satisfait de cette tuque elle garde au chaud la tète par temps froid avec sa double parois Merci,"March 1, 2020",Mi Di,5.0,0,https://www.amazon.ca/gp/profile/amzn1.account.AHJCS7TTDHGMBZJB5XHE4Z7BXUVA/ref=cm_cr_getr_d_gw_btm?ie=UTF8,2020-09-21 09:18:39.107730,2020-09-21 09:18:39.233653,Carhartt Men's Acrylic Watch Hat,Carhartt Sportswear - Mens,2,B002G9UDYG,AE7SSZYOT6UWUSBEJFS3K2RTRRTQ
129,AEW77O6VPY2INHZESR6BBDURQQBA,True,Woww !!,Je viens de recevoir cette tuque et je suis plus que satisfaite. Belle couleur burgundy et matériel de qualité. Je suis une femme et La Tuque me va à merveille si vous aimez un lousse sur le top. Je vais en commander d’autre certainement si elle fait ses preuves dans le temps.,"August 28, 2018",Women-84,5.0,0,https://www.amazon.ca/gp/profile/amzn1.account.AEW77O6VPY2INHZESR6BBDURQQBA/ref=cm_cr_getr_d_gw_btm?ie=UTF8,2020-09-21 09:18:39.237557,2020-09-21 09:18:39.368341,Carhartt Men's Acrylic Watch Hat,Carhartt Sportswear - Mens,2,B002G9UDYG,AE7SSZYOT6UWUSBEJFS3K2RTRRTQ
130,AFTZNNNSK5PKZFP76QBWIGOASAQA,True,Love this hat,Great hat... was not disappointed. The colour was as shown and fit perfectly.,"June 22, 2020",Michelle O'Bery,5.0,0,https://www.amazon.ca/gp/profile/amzn1.account.AFTZNNNSK5PKZFP76QBWIGOASAQA/ref=cm_cr_getr_d_gw_btm?ie=UTF8,2020-09-21 09:18:45.521551,2020-09-21 09:18:45.663070,Carhartt Men's Acrylic Watch Hat,Carhartt Sportswear - Mens,2,B002G9UDYG,AE7SSZYOT6UWUSBEJFS3K2RTRRTQ
131,AH5C22L7VW6Z6P5KJILO6UC54IFQ,True,Sizing is off,"I ordered 2 of these, one grey and one blue. Somehow the blue one is very very small (like child size). The size of the grey one is normal, but the fabric seems off. Like too soft, no structure... you better go buy one in store.","May 26, 2020",Amazon Customer,2.0,0,https://www.amazon.ca/gp/profile/amzn1.account.AH5C22L7VW6Z6P5KJILO6UC54IFQ/ref=cm_cr_getr_d_gw_btm?ie=UTF8,2020-09-21 09:18:45.667950,2020-09-21 09:18:45.789004,Carhartt Men's Acrylic Watch Hat,Carhartt Sportswear - Mens,2,B002G9UDYG,AE7SSZYOT6UWUSBEJFS3K2RTRRTQ
132,AGDMB2PJWWKY7YHLQEBD3PTYN46Q,True,Super bonnet,Je recommande car bon rapport qualité prix et couleur basique qui se mari avec tout,"May 4, 2020",Agathe,4.0,0,https://www.amazon.ca/gp/profile/amzn1.account.AGDMB2PJWWKY7YHLQEBD3PTYN46Q/ref=cm_cr_getr_d_gw_btm?ie=UTF8,2020-09-21 09:18:45.792909,2020-09-21 09:18:45.917884,Carhartt Men's Acrylic Watch Hat,Carhartt Sportswear - Mens,2,B002G9UDYG,AE7SSZYOT6UWUSBEJFS3K2RTRRTQ
133,AHGG7LQXSRL6CP5PEAB3PQ3NZTXA,True,So So Small,Theres no way this is a men’s one size fits all hat. It’s so tight it gives me a headache from squeezing my skull and cutting off circulation to my ears,"January 4, 2020",Jayden,1.0,0,https://www.amazon.ca/gp/profile/amzn1.account.AHGG7LQXSRL6CP5PEAB3PQ3NZTXA/ref=cm_cr_getr_d_gw_btm?ie=UTF8,2020-09-21 09:18:45.921787,2020-09-21 09:18:46.048667,Carhartt Men's Acrylic Watch Hat,Carhartt Sportswear - Mens,2,B002G9UDYG,AE7SSZYOT6UWUSBEJFS3K2RTRRTQ
134,AHHOTHYRVGN2WPHDAEKLWV3AOPGA,True,On the smaller side,One size fits all but on the smaller side. Hoping it stretches out. Good beanie for work.,"November 3, 2019",Jas,4.0,0,https://www.amazon.ca/gp/profile/amzn1.account.AHHOTHYRVGN2WPHDAEKLWV3AOPGA/ref=cm_cr_getr_d_gw_btm?ie=UTF8,2020-09-21 09:18:46.053548,2020-09-21 09:18:46.177536,Carhartt Men's Acrylic Watch Hat,Carhartt Sportswear - Mens,2,B002G9UDYG,AE7SSZYOT6UWUSBEJFS3K2RTRRTQ
135,AE7VYQURJKI2A6EEXYD26N337F6A,True,Love this hat!,Bought for me in adult. I love this hat and would recommend it to anyone looking to buy one! Warm and cozy. Got one in all sizes for the fam jam!,"December 29, 2019",Anonymous ,5.0,0,https://www.amazon.ca/gp/profile/amzn1.account.AE7VYQURJKI2A6EEXYD26N337F6A/ref=cm_cr_getr_d_gw_btm?ie=UTF8,2020-09-21 09:18:46.181440,2020-09-21 09:18:46.307374,Carhartt Men's Acrylic Watch Hat,Carhartt Sportswear - Mens,2,B002G9UDYG,AE7SSZYOT6UWUSBEJFS3K2RTRRTQ
136,AHDEN5WRXJLA7ONNC2UTYINH7NFA,True,FAKE,"frkin fake , made in taiwaaasnn .... -.- I have one that I work with everyday and it’s made in the USA and it’s PERFECT now that I juste received one that’s made in tasiiiiwaasn it’s going for the dog to just eat and play with , the size is just not right and the material","January 31, 2020",Amazon Customer,1.0,0,https://www.amazon.ca/gp/profile/amzn1.account.AHDEN5WRXJLA7ONNC2UTYINH7NFA/ref=cm_cr_getr_d_gw_btm?ie=UTF8,2020-09-21 09:18:46.311277,2020-09-21 09:18:46.437180,Carhartt Men's Acrylic Watch Hat,Carhartt Sportswear - Mens,2,B002G9UDYG,AE7SSZYOT6UWUSBEJFS3K2RTRRTQ
137,AEBAEFQMP4HQ7QJ2HXJ6LGAINXTQ,True,Nice hat.,I purchased the deep port colour. It’s fairly true to colour as the photo shows but I was a little disappointed as it looks a little too brown. Comfortable. Soft and not too tight.,"September 19, 2020",Charlie,4.0,0,https://www.amazon.ca/gp/profile/amzn1.account.AEBAEFQMP4HQ7QJ2HXJ6LGAINXTQ/ref=cm_cr_getr_d_gw_btm?ie=UTF8,2020-09-21 09:18:46.442062,2020-09-21 09:18:46.586509,Carhartt Men's Acrylic Watch Hat,Carhartt Sportswear - Mens,2,B002G9UDYG,AE7SSZYOT6UWUSBEJFS3K2RTRRTQ
138,AFJEOM6ZDWFFQUXU7RVJCFYKEG7A,True,"Warm head, good price, good brand",Can't ask for more for the money. I use this hat for hunting during rifle season in Ontario. Kept my head warm and I did not get shot....win win.,"December 27, 2018",Jakub,5.0,0,https://www.amazon.ca/gp/profile/amzn1.account.AFJEOM6ZDWFFQUXU7RVJCFYKEG7A/ref=cm_cr_getr_d_gw_btm?ie=UTF8,2020-09-21 09:18:46.590413,2020-09-21 09:18:46.716317,Carhartt Men's Acrylic Watch Hat,Carhartt Sportswear - Mens,2,B002G9UDYG,AE7SSZYOT6UWUSBEJFS3K2RTRRTQ
139,AG5FO46K2VY4JMJCYFUBPTSYCVIQ,True,Love these hats,"Very tight on your head when you first wear. However, all this means is that in time my hat will adjust to the size of my head and my husband's hat will adjust to his size. Over time the hats retain their shape and durability. Will continue to buy my toques from Carhartt.","November 6, 2019",Dalyce LT,5.0,0,https://www.amazon.ca/gp/profile/amzn1.account.AG5FO46K2VY4JMJCYFUBPTSYCVIQ/ref=cm_cr_getr_d_gw_btm?ie=UTF8,2020-09-21 09:18:46.720220,2020-09-21 09:18:46.854908,Carhartt Men's Acrylic Watch Hat,Carhartt Sportswear - Mens,2,B002G9UDYG,AE7SSZYOT6UWUSBEJFS3K2RTRRTQ
140,AH5YNDBG2YM2HOCNN265VOWUX7RQ,True,Fits Well,Exactly what we were looking for! Fits well and will fit ALL sizes from big to small. Easy stretch and still keeps VERY warm!,"February 22, 2020",nessa,5.0,0,https://www.amazon.ca/gp/profile/amzn1.account.AH5YNDBG2YM2HOCNN265VOWUX7RQ/ref=cm_cr_getr_d_gw_btm?ie=UTF8,2020-09-21 09:18:48.982808,2020-09-21 09:18:49.107735,Carhartt Men's Acrylic Watch Hat,Carhartt Sportswear - Mens,2,B002G9UDYG,AE7SSZYOT6UWUSBEJFS3K2RTRRTQ
141,AHIFAGAN2DMDY4KGHRR6LCTHLEXQ,True,Staple Item Must Have,I love the fit and comfortable material I t’s so durable but gets comfier with each wear. I got the traditional brown and it’s an everyday staple item for northern Canadian weather. I can mix and match with many things it’s just all around warm and stylish.,"January 16, 2020",Roxy Beaulieu,5.0,0,https://www.amazon.ca/gp/profile/amzn1.account.AHIFAGAN2DMDY4KGHRR6LCTHLEXQ/ref=cm_cr_getr_d_gw_btm?ie=UTF8,2020-09-21 09:18:49.111638,2020-09-21 09:18:49.234615,Carhartt Men's Acrylic Watch Hat,Carhartt Sportswear - Mens,2,B002G9UDYG,AE7SSZYOT6UWUSBEJFS3K2RTRRTQ
142,AH3CKXKNSZ2IONQBVBIVRJJSCWIQ,True,Great hat!,"Nothing to report really! It's a good hat, color as expected, good price and wears well. Enjoy!","December 16, 2019",Karine F,4.0,0,https://www.amazon.ca/gp/profile/amzn1.account.AH3CKXKNSZ2IONQBVBIVRJJSCWIQ/ref=cm_cr_getr_d_gw_btm?ie=UTF8,2020-09-21 09:18:49.238518,2020-09-21 09:18:49.363469,Carhartt Men's Acrylic Watch Hat,Carhartt Sportswear - Mens,2,B002G9UDYG,AE7SSZYOT6UWUSBEJFS3K2RTRRTQ
143,AEDRH7XDTZX2N6MKQPDWM2FYRPDQ,True,PERFECT,Covid19 got us having longer uglier hair.. this beanie does the job 😬😬,"May 12, 2020",Steven,5.0,0,https://www.amazon.ca/gp/profile/amzn1.account.AEDRH7XDTZX2N6MKQPDWM2FYRPDQ/ref=cm_cr_getr_d_gw_btm?ie=UTF8,2020-09-21 09:18:49.368326,2020-09-21 09:18:49.491345,Carhartt Men's Acrylic Watch Hat,Carhartt Sportswear - Mens,2,B002G9UDYG,AE7SSZYOT6UWUSBEJFS3K2RTRRTQ
144,AFHASLJ2RESXZWYRVMM2BFS2WKNA,True,good hat,Bought for daughter's boyfriend who works as electrician and he's very happy with it!,"February 23, 2020",John,5.0,0,https://www.amazon.ca/gp/profile/amzn1.account.AFHASLJ2RESXZWYRVMM2BFS2WKNA/ref=cm_cr_getr_d_gw_btm?ie=UTF8,2020-09-21 09:18:49.496247,2020-09-21 09:18:49.622129,Carhartt Men's Acrylic Watch Hat,Carhartt Sportswear - Mens,2,B002G9UDYG,AE7SSZYOT6UWUSBEJFS3K2RTRRTQ
145,AFQYTUWNDPA72B4G5JHYM2YNX5QA,True,Good looking tuque,"Nice tuque, looks good and perfectly fits my head, super warm.
I bought 2 of them!
I recommend this product.","November 13, 2019",Davo,5.0,0,https://www.amazon.ca/gp/profile/amzn1.account.AFQYTUWNDPA72B4G5JHYM2YNX5QA/ref=cm_cr_getr_d_gw_btm?ie=UTF8,2020-09-21 09:18:49.626032,2020-09-21 09:18:49.748032,Carhartt Men's Acrylic Watch Hat,Carhartt Sportswear - Mens,2,B002G9UDYG,AE7SSZYOT6UWUSBEJFS3K2RTRRTQ
146,AEEMPNJFXOUAMBYNYA76TJ53Y6PA,True,"Fits great, warm, not itchy!","Fits great, very warm, not itchy. Will buy more.
Had bought the other Carhartt toque that has no brim fold over part, and I’m not a fan of the other one.","January 7, 2020",SKtoAZ,5.0,0,https://www.amazon.ca/gp/profile/amzn1.account.AEEMPNJFXOUAMBYNYA76TJ53Y6PA/ref=cm_cr_getr_d_gw_btm?ie=UTF8,2020-09-21 09:18:49.751937,2020-09-21 09:18:49.876903,Carhartt Men's Acrylic Watch Hat,Carhartt Sportswear - Mens,2,B002G9UDYG,AE7SSZYOT6UWUSBEJFS3K2RTRRTQ
147,AE2KIEL6T5PWCTBSA3YSSCUYD3AA,True,Tight fit with some stretch,Love the colour and style. Too bad they didn’t make them in different sizes to accommodate people with big heads like me,"May 16, 2019",Jessie,4.0,0,https://www.amazon.ca/gp/profile/amzn1.account.AE2KIEL6T5PWCTBSA3YSSCUYD3AA/ref=cm_cr_getr_d_gw_btm?ie=UTF8,2020-09-21 09:18:49.881783,2020-09-21 09:18:50.007687,Carhartt Men's Acrylic Watch Hat,Carhartt Sportswear - Mens,2,B002G9UDYG,AE7SSZYOT6UWUSBEJFS3K2RTRRTQ
148,AFYESZF3GGNNDIJQG5FRX7QT2GTA,True,Awesome hat!!,Bought for my boyfriend and he loves it. Caught him sleeping with it on a few times. The fit is great not too tight or loose.,"December 12, 2019",Allison,5.0,0,https://www.amazon.ca/gp/profile/amzn1.account.AFYESZF3GGNNDIJQG5FRX7QT2GTA/ref=cm_cr_getr_d_gw_btm?ie=UTF8,2020-09-21 09:18:50.011591,2020-09-21 09:18:50.142375,Carhartt Men's Acrylic Watch Hat,Carhartt Sportswear - Mens,2,B002G9UDYG,AE7SSZYOT6UWUSBEJFS3K2RTRRTQ
149,AF4NF5HL4CXSGFTOOCGYQQN66E5A,True,A+++,"This hat is BOMB!! Perfect fit, arrived quick. Material is A+. I have one in black as well that I had actually purchased from TSA and the one I ordered from here is much better.","January 1, 2020",alisha,5.0,0,https://www.amazon.ca/gp/profile/amzn1.account.AF4NF5HL4CXSGFTOOCGYQQN66E5A/ref=cm_cr_getr_d_gw_btm?ie=UTF8,2020-09-21 09:18:50.146277,2020-09-21 09:18:50.273158,Carhartt Men's Acrylic Watch Hat,Carhartt Sportswear - Mens,2,B002G9UDYG,AE7SSZYOT6UWUSBEJFS3K2RTRRTQ
150,AHTU5G37KQLSD5FX2VCNFYO3WNAQ,True,Nice carhartt hat for the price,Nice carhartt hat for the price. Does tend to slide up from my head. I think it's due to the shape of the hat or my my head is just really big. Contemplating whether I should buy more colours or not. Would recommend.,"December 14, 2017",Zhendan,4.0,One,https://www.amazon.ca/gp/profile/amzn1.account.AHTU5G37KQLSD5FX2VCNFYO3WNAQ/ref=cm_cr_getr_d_gw_btm?ie=UTF8,2020-09-21 09:18:53.396626,2020-09-21 09:18:53.540097,Carhartt Men's Acrylic Watch Hat,Carhartt Sportswear - Mens,2,B002G9UDYG,AE7SSZYOT6UWUSBEJFS3K2RTRRTQ
151,AHBI5PQ7E2PGBA7PDY4XLYK5H5DA,True,True to size!,"I have a pretty small head and have a hard time finding hats that fit, but this fits pretty well. Happy with it.","July 26, 2018",Customer and reviews ,5.0,One,https://www.amazon.ca/gp/profile/amzn1.account.AHBI5PQ7E2PGBA7PDY4XLYK5H5DA/ref=cm_cr_getr_d_gw_btm?ie=UTF8,2020-09-21 09:18:53.544001,2020-09-21 09:18:53.669937,Carhartt Men's Acrylic Watch Hat,Carhartt Sportswear - Mens,2,B002G9UDYG,AE7SSZYOT6UWUSBEJFS3K2RTRRTQ
152,AE2F4YKEULBQJN2NH3GEEJZZTWHQ,True,Too small,We got this colour and the white and black sandy looking one and this orange and brown colour for some reason is soooooo tight on our heads! Disappointing because I liked that colour more but I can’t wear it because it hurts my head,"March 25, 2020",Amazon Customer,1.0,0,https://www.amazon.ca/gp/profile/amzn1.account.AE2F4YKEULBQJN2NH3GEEJZZTWHQ/ref=cm_cr_getr_d_gw_btm?ie=UTF8,2020-09-21 09:18:53.673840,2020-09-21 09:18:53.795840,Carhartt Men's Acrylic Watch Hat,Carhartt Sportswear - Mens,2,B002G9UDYG,AE7SSZYOT6UWUSBEJFS3K2RTRRTQ
153,AEPNW7VAY4KKJDHUSYTIC6EXEKHQ,True,Got matching one for me and the baby,"Boyfriend loves it. Comfy, warm, stretchy and great fit","January 27, 2020",Taylor,5.0,0,https://www.amazon.ca/gp/profile/amzn1.account.AEPNW7VAY4KKJDHUSYTIC6EXEKHQ/ref=cm_cr_getr_d_gw_btm?ie=UTF8,2020-09-21 09:18:53.799744,2020-09-21 09:18:53.925648,Carhartt Men's Acrylic Watch Hat,Carhartt Sportswear - Mens,2,B002G9UDYG,AE7SSZYOT6UWUSBEJFS3K2RTRRTQ
154,AFGJYN3EMP3MAQ576IKWUIQRX72A,True,but super cozy and fits as expected,"Had a bit of a smell to it when it arrived, but super cozy and fits as expected. Good value for the price. Did come with excessive packaging though; I guarantee you that it did not need to be wrapped in plastic.","April 3, 2018",Annie,5.0,One,https://www.amazon.ca/gp/profile/amzn1.account.AFGJYN3EMP3MAQ576IKWUIQRX72A/ref=cm_cr_getr_d_gw_btm?ie=UTF8,2020-09-21 09:18:53.929552,2020-09-21 09:18:54.059360,Carhartt Men's Acrylic Watch Hat,Carhartt Sportswear - Mens,2,B002G9UDYG,AE7SSZYOT6UWUSBEJFS3K2RTRRTQ
155,AFUFQCVP5WGDXTE37BAXR34AHDSQ,True,Tight hat!,"Love the colour ! But it’s really tight on the head ! Didn’t bother to return it, thought it might stretch out ! But not so far.","December 13, 2019",Soph,5.0,0,https://www.amazon.ca/gp/profile/amzn1.account.AFUFQCVP5WGDXTE37BAXR34AHDSQ/ref=cm_cr_getr_d_gw_btm?ie=UTF8,2020-09-21 09:18:54.063264,2020-09-21 09:18:54.189167,Carhartt Men's Acrylic Watch Hat,Carhartt Sportswear - Mens,2,B002G9UDYG,AE7SSZYOT6UWUSBEJFS3K2RTRRTQ
156,AHKEIFNORP7WAI5JGJTXUD2JRFRQ,True,Too long.,"The touque seems well made but is too long. Once you put it on, the amount that you have to fold up the bottom edge of the hat is excessive and it looks like crap. The folded portion goes almost to the top of my head.","October 27, 2018",Randy LaHaie,1.0,One,https://www.amazon.ca/gp/profile/amzn1.account.AHKEIFNORP7WAI5JGJTXUD2JRFRQ/ref=cm_cr_getr_d_gw_btm?ie=UTF8,2020-09-21 09:18:54.193073,2020-09-21 09:18:54.323913,Carhartt Men's Acrylic Watch Hat,Carhartt Sportswear - Mens,2,B002G9UDYG,AE7SSZYOT6UWUSBEJFS3K2RTRRTQ
157,AEXELPBQCL6G5TEPRXZMZMO76JNQ,True,Great product,I've been looking for this color toque at brick and mortar stores with no luck. Keeps my head nice and warm. Love it!,"April 7, 2020",Sai Mayur,5.0,0,https://www.amazon.ca/gp/profile/amzn1.account.AEXELPBQCL6G5TEPRXZMZMO76JNQ/ref=cm_cr_getr_d_gw_btm?ie=UTF8,2020-09-21 09:18:54.327793,2020-09-21 09:18:54.455647,Carhartt Men's Acrylic Watch Hat,Carhartt Sportswear - Mens,2,B002G9UDYG,AE7SSZYOT6UWUSBEJFS3K2RTRRTQ
158,AFINQHSJ62WUTW362IQP6I3QTGEQ,True,Perfect fit,My teen son loves it. He has a hard time finding beanies not too tight and this one was perfect,"September 11, 2019",Jen,5.0,0,https://www.amazon.ca/gp/profile/amzn1.account.AFINQHSJ62WUTW362IQP6I3QTGEQ/ref=cm_cr_getr_d_gw_btm?ie=UTF8,2020-09-21 09:18:54.460528,2020-09-21 09:18:54.589400,Carhartt Men's Acrylic Watch Hat,Carhartt Sportswear - Mens,2,B002G9UDYG,AE7SSZYOT6UWUSBEJFS3K2RTRRTQ
159,AE3WIXZQ52G53ENIZ5T5RFR65R7Q,True,"Great toque, good price","Great toque. Keeps me warm but I don't sweat.
Really good price","April 10, 2020",Ryan K.,5.0,0,https://www.amazon.ca/gp/profile/amzn1.account.AE3WIXZQ52G53ENIZ5T5RFR65R7Q/ref=cm_cr_getr_d_gw_btm?ie=UTF8,2020-09-21 09:18:54.594281,2020-09-21 09:18:54.722147,Carhartt Men's Acrylic Watch Hat,Carhartt Sportswear - Mens,2,B002G9UDYG,AE7SSZYOT6UWUSBEJFS3K2RTRRTQ
160,AG6SSEIJSAFGWCTI3YN27LDIQGTQ,True,Stays on :-),"Wasn't quite the soft texture I thought it might be, but they are great hats, bought it for my mom and home, and so far it didn't slide up her head as some touques tend to!
So far so good!","March 30, 2018",canuck,4.0,0,https://www.amazon.ca/gp/profile/amzn1.account.AG6SSEIJSAFGWCTI3YN27LDIQGTQ/ref=cm_cr_getr_d_gw_btm?ie=UTF8,2020-09-21 09:18:57.865912,2020-09-21 09:18:58.020116,Carhartt Men's Acrylic Watch Hat,Carhartt Sportswear - Mens,2,B002G9UDYG,AE7SSZYOT6UWUSBEJFS3K2RTRRTQ
161,AEPVV64N3N2VNVIZHRQQTPWN3HZQ,True,Perfect mustard colour hat!,Very happy. Hat fits and looks amazing. Washed in a washer machine. Hasn't lost shape or its true mustard colour.,"May 14, 2019",OSP,5.0,One,https://www.amazon.ca/gp/profile/amzn1.account.AEPVV64N3N2VNVIZHRQQTPWN3HZQ/ref=cm_cr_getr_d_gw_btm?ie=UTF8,2020-09-21 09:18:58.024021,2020-09-21 09:18:58.154805,Carhartt Men's Acrylic Watch Hat,Carhartt Sportswear - Mens,2,B002G9UDYG,AE7SSZYOT6UWUSBEJFS3K2RTRRTQ
162,AGAQO4NIQEO5M33KOQCR6354HO3A,True,Comfortable,"Good quality hat, I read on here that some colors were not the same quality but the one I ordered was a real Carhartt made in Canada.","November 3, 2019",Emilie V,5.0,0,https://www.amazon.ca/gp/profile/amzn1.account.AGAQO4NIQEO5M33KOQCR6354HO3A/ref=cm_cr_getr_d_gw_btm?ie=UTF8,2020-09-21 09:18:58.158710,2020-09-21 09:18:58.284637,Carhartt Men's Acrylic Watch Hat,Carhartt Sportswear - Mens,2,B002G9UDYG,AE7SSZYOT6UWUSBEJFS3K2RTRRTQ
163,AHO4MSMGEKDT7NU3JQHI3GUKXR5A,True,Favorite hat for the cold days,"Great hat, very warm. Would like to see the same hat with an added, soft, inner-liner as the material can be a bit rough. Favorite hat.","February 26, 2019",Markeiy,5.0,0,https://www.amazon.ca/gp/profile/amzn1.account.AHO4MSMGEKDT7NU3JQHI3GUKXR5A/ref=cm_cr_getr_d_gw_btm?ie=UTF8,2020-09-21 09:18:58.288515,2020-09-21 09:18:58.418386,Carhartt Men's Acrylic Watch Hat,Carhartt Sportswear - Mens,2,B002G9UDYG,AE7SSZYOT6UWUSBEJFS3K2RTRRTQ
164,AFMDOWV2WVR2Y5A2VY3JF4VKDROQ,True,10*,this is a great product for canadian winters.,"August 13, 2020",Tayler,5.0,0,https://www.amazon.ca/gp/profile/amzn1.account.AFMDOWV2WVR2Y5A2VY3JF4VKDROQ/ref=cm_cr_getr_d_gw_btm?ie=UTF8,2020-09-21 09:18:58.423289,2020-09-21 09:18:58.549169,Carhartt Men's Acrylic Watch Hat,Carhartt Sportswear - Mens,2,B002G9UDYG,AE7SSZYOT6UWUSBEJFS3K2RTRRTQ
165,AEFMKJDUWD5ZF3SWDJMLBVHL4ZBQ,True,awesome hat,lasted all winter. stretched out a bit more than normal but what can you expect,"April 11, 2020",DV,4.0,0,https://www.amazon.ca/gp/profile/amzn1.account.AEFMKJDUWD5ZF3SWDJMLBVHL4ZBQ/ref=cm_cr_getr_d_gw_btm?ie=UTF8,2020-09-21 09:18:58.553073,2020-09-21 09:18:58.681003,Carhartt Men's Acrylic Watch Hat,Carhartt Sportswear - Mens,2,B002G9UDYG,AE7SSZYOT6UWUSBEJFS3K2RTRRTQ
166,AELKERCB7GZV5BKBKS5R35LI2NAA,True,Great towue,Great quality and a nice colour. It’s my husband’s favourite Christmas present.,"December 25, 2019",truestory,5.0,0,https://www.amazon.ca/gp/profile/amzn1.account.AELKERCB7GZV5BKBKS5R35LI2NAA/ref=cm_cr_getr_d_gw_btm?ie=UTF8,2020-09-21 09:18:58.684906,2020-09-21 09:18:58.815691,Carhartt Men's Acrylic Watch Hat,Carhartt Sportswear - Mens,2,B002G9UDYG,AE7SSZYOT6UWUSBEJFS3K2RTRRTQ
167,AFVEE6OJPV2CNGW57V4OBKAZV3OQ,True,"Thick, warm, authentic, and unisex","The hat fits well on both male and female heads, and is considerably stretchy to accommodate different sizes. It has a nice quality material and it protects against the winter temperatures in Canada.","December 10, 2019",Cristina,5.0,0,https://www.amazon.ca/gp/profile/amzn1.account.AFVEE6OJPV2CNGW57V4OBKAZV3OQ/ref=cm_cr_getr_d_gw_btm?ie=UTF8,2020-09-21 09:18:58.820570,2020-09-21 09:18:58.948426,Carhartt Men's Acrylic Watch Hat,Carhartt Sportswear - Mens,2,B002G9UDYG,AE7SSZYOT6UWUSBEJFS3K2RTRRTQ
168,AHE3PA2WA3RRTAYSIF2RJ26YQAIQ,True,Great,Great hat and nice colour. Used for winter and it was warm. Purchased the salt n pepper and black colour.,"April 18, 2020",Henk,5.0,0,https://www.amazon.ca/gp/profile/amzn1.account.AHE3PA2WA3RRTAYSIF2RJ26YQAIQ/ref=cm_cr_getr_d_gw_btm?ie=UTF8,2020-09-21 09:18:58.952329,2020-09-21 09:18:59.079210,Carhartt Men's Acrylic Watch Hat,Carhartt Sportswear - Mens,2,B002G9UDYG,AE7SSZYOT6UWUSBEJFS3K2RTRRTQ
169,AFJXE2EL6MAQXARSZ6UYMGOYRNUA,True,Keep a warm,"Great material and fabric, perfect for cold Canadian weather -30 outside with windchill. Keeps your head warm and cozy , fabric is not itchy feeling either.","December 7, 2019",Brooke,5.0,0,https://www.amazon.ca/gp/profile/amzn1.account.AFJXE2EL6MAQXARSZ6UYMGOYRNUA/ref=cm_cr_getr_d_gw_btm?ie=UTF8,2020-09-21 09:18:59.084090,2020-09-21 09:18:59.216850,Carhartt Men's Acrylic Watch Hat,Carhartt Sportswear - Mens,2,B002G9UDYG,AE7SSZYOT6UWUSBEJFS3K2RTRRTQ
170,AHEUDZ77IYGRUSTT3RV3DSUHZGSQ,True,Great toque,Great toque to keep my head warm and is super trendy right now. A bit too much fabric on the top that looks a bit weird on my head..... but I find that lots of toques do that to me. I still wear though and I love it.,"December 14, 2019",George S.,5.0,0,https://www.amazon.ca/gp/profile/amzn1.account.AHEUDZ77IYGRUSTT3RV3DSUHZGSQ/ref=cm_cr_getr_d_gw_btm?ie=UTF8,2020-09-21 09:19:01.343525,2020-09-21 09:19:01.478212,Carhartt Men's Acrylic Watch Hat,Carhartt Sportswear - Mens,2,B002G9UDYG,AE7SSZYOT6UWUSBEJFS3K2RTRRTQ
171,AFF6OORQZP5BMYTGOHJXMDADSMRA,True,Good toque,Pills up on the outside. Haven’t had it that long. Otherwise good toque eh.,"January 4, 2020",FMc,4.0,0,https://www.amazon.ca/gp/profile/amzn1.account.AFF6OORQZP5BMYTGOHJXMDADSMRA/ref=cm_cr_getr_d_gw_btm?ie=UTF8,2020-09-21 09:19:01.482116,2020-09-21 09:19:01.607044,Carhartt Men's Acrylic Watch Hat,Carhartt Sportswear - Mens,2,B002G9UDYG,AE7SSZYOT6UWUSBEJFS3K2RTRRTQ
172,AHFK7Y73GTGCGNJBDTGXQBPQKBDQ,True,Comfy!,"Warm... Thick... Looks great! I do snow removal so good winter gear is all that matters, this toque is definitely worth it!","November 12, 2019",Megan Kyle,5.0,0,https://www.amazon.ca/gp/profile/amzn1.account.AHFK7Y73GTGCGNJBDTGXQBPQKBDQ/ref=cm_cr_getr_d_gw_btm?ie=UTF8,2020-09-21 09:19:01.610948,2020-09-21 09:19:01.740755,Carhartt Men's Acrylic Watch Hat,Carhartt Sportswear - Mens,2,B002G9UDYG,AE7SSZYOT6UWUSBEJFS3K2RTRRTQ
173,AGF57SLJDRRX5N3U5YJV6MWBAEMA,True,"Good,perfect fit,warm for not cold winters",Also it is nice to have American made product:),"February 9, 2020",Stan TroKon,5.0,0,https://www.amazon.ca/gp/profile/amzn1.account.AGF57SLJDRRX5N3U5YJV6MWBAEMA/ref=cm_cr_getr_d_gw_btm?ie=UTF8,2020-09-21 09:19:01.745635,2020-09-21 09:19:01.874491,Carhartt Men's Acrylic Watch Hat,Carhartt Sportswear - Mens,2,B002G9UDYG,AE7SSZYOT6UWUSBEJFS3K2RTRRTQ
174,AG4PBWWJU2GFT7NQNXXYSLOMTHEQ,True,Good,Love the toque but the Color is more of a carhartt brown than yellow,"December 5, 2019",HM,3.0,0,https://www.amazon.ca/gp/profile/amzn1.account.AG4PBWWJU2GFT7NQNXXYSLOMTHEQ/ref=cm_cr_getr_d_gw_btm?ie=UTF8,2020-09-21 09:19:01.878371,2020-09-21 09:19:02.006228,Carhartt Men's Acrylic Watch Hat,Carhartt Sportswear - Mens,2,B002G9UDYG,AE7SSZYOT6UWUSBEJFS3K2RTRRTQ
175,AFIMIEXEGLN25EBYT3ZH47PFDCNQ,True,Great hat!,My son loves this hat. The colour is cool too.,"May 25, 2020",Mercedes Gaztambide,5.0,0,https://www.amazon.ca/gp/profile/amzn1.account.AFIMIEXEGLN25EBYT3ZH47PFDCNQ/ref=cm_cr_getr_d_gw_btm?ie=UTF8,2020-09-21 09:19:02.011107,2020-09-21 09:19:02.139939,Carhartt Men's Acrylic Watch Hat,Carhartt Sportswear - Mens,2,B002G9UDYG,AE7SSZYOT6UWUSBEJFS3K2RTRRTQ
176,AEG5ZVSODD5UQDVAULTRWW6NEM7Q,True,Amazing,Love the colour and fit of this hat. Came exactly as expected. 100% recommend.,"February 25, 2019",Sofia D,5.0,One,https://www.amazon.ca/gp/profile/amzn1.account.AEG5ZVSODD5UQDVAULTRWW6NEM7Q/ref=cm_cr_getr_d_gw_btm?ie=UTF8,2020-09-21 09:19:02.144818,2020-09-21 09:19:02.274626,Carhartt Men's Acrylic Watch Hat,Carhartt Sportswear - Mens,2,B002G9UDYG,AE7SSZYOT6UWUSBEJFS3K2RTRRTQ
177,AGNFEUAMBHLQ7OS7NHHMOXHHSJ5A,True,warm but wind will go through good quality large but would fit all sizes,warm but wind will go through good quality large but would fit all sizes,"February 4, 2020",scotzo,5.0,0,https://www.amazon.ca/gp/profile/amzn1.account.AGNFEUAMBHLQ7OS7NHHMOXHHSJ5A/ref=cm_cr_getr_d_gw_btm?ie=UTF8,2020-09-21 09:19:02.278530,2020-09-21 09:19:02.407362,Carhartt Men's Acrylic Watch Hat,Carhartt Sportswear - Mens,2,B002G9UDYG,AE7SSZYOT6UWUSBEJFS3K2RTRRTQ
178,AEEKQT743ED2KEOLSULLEKBUB5YQ,True,Nothing fancy just a good hat,Bought this one in yellow to replace the red one my husband keeps taking. Just a really good thick knit tuque. Exactly what I expected.,"November 11, 2019",Lindsay ,5.0,0,https://www.amazon.ca/gp/profile/amzn1.account.AEEKQT743ED2KEOLSULLEKBUB5YQ/ref=cm_cr_getr_d_gw_btm?ie=UTF8,2020-09-21 09:19:02.412270,2020-09-21 09:19:02.544002,Carhartt Men's Acrylic Watch Hat,Carhartt Sportswear - Mens,2,B002G9UDYG,AE7SSZYOT6UWUSBEJFS3K2RTRRTQ
179,AEQQZUH5JKFUWRHB37E6YOISEPTA,True,5 stars,Great quality for this price. I'm very happy!,"August 9, 2020",Antonio,5.0,0,https://www.amazon.ca/gp/profile/amzn1.account.AEQQZUH5JKFUWRHB37E6YOISEPTA/ref=cm_cr_getr_d_gw_btm?ie=UTF8,2020-09-21 09:19:02.547905,2020-09-21 09:19:02.730416,Carhartt Men's Acrylic Watch Hat,Carhartt Sportswear - Mens,2,B002G9UDYG,AE7SSZYOT6UWUSBEJFS3K2RTRRTQ
180,AES2Y23GJITQOBL4UNOHQKSZN4GA,True,great hat,"My daughter is thrilled with her hat, and wears it all the time.","February 24, 2020",Melisa G,5.0,0,https://www.amazon.ca/gp/profile/amzn1.account.AES2Y23GJITQOBL4UNOHQKSZN4GA/ref=cm_cr_getr_d_gw_btm?ie=UTF8,2020-09-21 09:19:04.860092,2020-09-21 09:19:05.006443,Carhartt Men's Acrylic Watch Hat,Carhartt Sportswear - Mens,2,B002G9UDYG,AE7SSZYOT6UWUSBEJFS3K2RTRRTQ
181,AE7SSZYOT6UWUSBEJFS3K2RTRRTQ,True,Its warm!,SIMPLY put the best hat for the coin! Nice quality too!🙂👍,"May 31, 2020",Sean B.,5.0,0,https://www.amazon.ca/gp/profile/amzn1.account.AE7SSZYOT6UWUSBEJFS3K2RTRRTQ/ref=cm_cr_getr_d_gw_btm?ie=UTF8,2020-09-21 09:19:05.010348,2020-09-21 09:19:05.137227,Carhartt Men's Acrylic Watch Hat,Carhartt Sportswear - Mens,2,B002G9UDYG,AE7SSZYOT6UWUSBEJFS3K2RTRRTQ
182,AGUE2SOPVC27V5GZUKQ3LUCR4HSA,True,I will buy this hat if i lost it again!,"Everything about this hat is perfect. If you want to know if you should buy this hat. Well, i only wore this hat for 2 hours and im buying it again.","November 20, 2018",Mitts,5.0,0,https://www.amazon.ca/gp/profile/amzn1.account.AGUE2SOPVC27V5GZUKQ3LUCR4HSA/ref=cm_cr_getr_d_gw_btm?ie=UTF8,2020-09-21 09:19:05.141132,2020-09-21 09:19:05.269966,Carhartt Men's Acrylic Watch Hat,Carhartt Sportswear - Mens,2,B002G9UDYG,AE7SSZYOT6UWUSBEJFS3K2RTRRTQ
183,AES6YXR6WMJSPX7DOUFYZDRL2I6Q,True,Great fit,Great product fits great keeps me nice and warm,"January 22, 2020",Amazon Customer,5.0,0,https://www.amazon.ca/gp/profile/amzn1.account.AES6YXR6WMJSPX7DOUFYZDRL2I6Q/ref=cm_cr_getr_d_gw_btm?ie=UTF8,2020-09-21 09:19:05.272891,2020-09-21 09:19:05.401725,Carhartt Men's Acrylic Watch Hat,Carhartt Sportswear - Mens,2,B002G9UDYG,AE7SSZYOT6UWUSBEJFS3K2RTRRTQ
184,AHBNAXAXZNNKRGSEHQ5BYV5BDNMA,True,Too big,I find the top of the hat is too big and baggy. It doesn’t fit my head completely but if you fold it twice it looks somewhat decent. I do wish it was smaller. It is super comfortable and breathable though.,"May 26, 2020",Amazon Customer,3.0,0,https://www.amazon.ca/gp/profile/amzn1.account.AHBNAXAXZNNKRGSEHQ5BYV5BDNMA/ref=cm_cr_getr_d_gw_btm?ie=UTF8,2020-09-21 09:19:05.406603,2020-09-21 09:19:05.537387,Carhartt Men's Acrylic Watch Hat,Carhartt Sportswear - Mens,2,B002G9UDYG,AE7SSZYOT6UWUSBEJFS3K2RTRRTQ
185,AETYAVFJO2ANZJWWPRDAFRN5CHHQ,True,Fits so small it will give you a headache,"Everyone says these are for big heads but mine was soooo tight, so I wouldn’t recommend it for larger heads. Maybe it’s a knockoff?","April 2, 2019",Amazon Customer,2.0,0,https://www.amazon.ca/gp/profile/amzn1.account.AETYAVFJO2ANZJWWPRDAFRN5CHHQ/ref=cm_cr_getr_d_gw_btm?ie=UTF8,2020-09-21 09:19:05.541290,2020-09-21 09:19:05.668172,Carhartt Men's Acrylic Watch Hat,Carhartt Sportswear - Mens,2,B002G9UDYG,AE7SSZYOT6UWUSBEJFS3K2RTRRTQ
186,AGXXIUNM3WGG7CU4FVHS7QYN7LDA,True,Warm winter hat,"Love carharrt brand items never let me down! A Nice hat and keeps me nice and warm. A little more on the purple side then grey, but matches my jacket perfectly!","November 20, 2018",Teresa,5.0,0,https://www.amazon.ca/gp/profile/amzn1.account.AGXXIUNM3WGG7CU4FVHS7QYN7LDA/ref=cm_cr_getr_d_gw_btm?ie=UTF8,2020-09-21 09:19:05.673050,2020-09-21 09:19:05.798954,Carhartt Men's Acrylic Watch Hat,Carhartt Sportswear - Mens,2,B002G9UDYG,AE7SSZYOT6UWUSBEJFS3K2RTRRTQ
187,AEQ5XFGBLDTNPLBHA7PPYM7NAURA,True,Would buy again,"Product stays in place, comfy and keeps head warm","July 10, 2020",Taylor B,5.0,0,https://www.amazon.ca/gp/profile/amzn1.account.AEQ5XFGBLDTNPLBHA7PPYM7NAURA/ref=cm_cr_getr_d_gw_btm?ie=UTF8,2020-09-21 09:19:05.803834,2020-09-21 09:19:05.934617,Carhartt Men's Acrylic Watch Hat,Carhartt Sportswear - Mens,2,B002G9UDYG,AE7SSZYOT6UWUSBEJFS3K2RTRRTQ
188,AF7LFGBMFHWZCFBK5DHU6LBCFFPA,True,Good,"Good tuque. Good ""depth"" so it's not always sliding up my ears.","January 8, 2020",Rusty Shackleford,5.0,0,https://www.amazon.ca/gp/profile/amzn1.account.AF7LFGBMFHWZCFBK5DHU6LBCFFPA/ref=cm_cr_getr_d_gw_btm?ie=UTF8,2020-09-21 09:19:05.939497,2020-09-21 09:19:06.069305,Carhartt Men's Acrylic Watch Hat,Carhartt Sportswear - Mens,2,B002G9UDYG,AE7SSZYOT6UWUSBEJFS3K2RTRRTQ
189,AFUQQ447UKIEDP2NQ4MJQAARDZSA,True,It fits. I have a large head and it ...,It fits.I have a large head and it fits there. It's not winter yet so I am giving it 5 stars. We shall see when winter comes.,"September 17, 2018",Ed G,5.0,0,https://www.amazon.ca/gp/profile/amzn1.account.AFUQQ447UKIEDP2NQ4MJQAARDZSA/ref=cm_cr_getr_d_gw_btm?ie=UTF8,2020-09-21 09:19:06.073209,2020-09-21 09:19:06.204994,Carhartt Men's Acrylic Watch Hat,Carhartt Sportswear - Mens,2,B002G9UDYG,AE7SSZYOT6UWUSBEJFS3K2RTRRTQ
190,AFSPNWDKLTCTGAH5LNUEWCQATCSA,True,Really comfortable and great quality.,"The material is really thick and warm but not too hot. I wear it inside and outside and it keeps me warm outside and I don’t overheat with it on inside. Great quality, 5 stars all around","December 6, 2019",Chelsea Olson,5.0,0,https://www.amazon.ca/gp/profile/amzn1.account.AFSPNWDKLTCTGAH5LNUEWCQATCSA/ref=cm_cr_getr_d_gw_btm?ie=UTF8,2020-09-21 09:19:08.347747,2020-09-21 09:19:08.503907,Carhartt Men's Acrylic Watch Hat,Carhartt Sportswear - Mens,2,B002G9UDYG,AE7SSZYOT6UWUSBEJFS3K2RTRRTQ
191,AGT2Y5FBTUS7LOKMS3QC5IPZJLKQ,True,Would recommend this.,Great quality and happy with this product.,"May 22, 2020",Wesley W.,5.0,0,https://www.amazon.ca/gp/profile/amzn1.account.AGT2Y5FBTUS7LOKMS3QC5IPZJLKQ/ref=cm_cr_getr_d_gw_btm?ie=UTF8,2020-09-21 09:19:08.508786,2020-09-21 09:19:08.634690,Carhartt Men's Acrylic Watch Hat,Carhartt Sportswear - Mens,2,B002G9UDYG,AE7SSZYOT6UWUSBEJFS3K2RTRRTQ
192,AFKFXPZVGHMXALPQBKGBZPSPYTYA,True,Cranial comfort,Comfortable fit and keeps my bald head warm during deer season.,"May 10, 2020",Amazon Customer,5.0,0,https://www.amazon.ca/gp/profile/amzn1.account.AFKFXPZVGHMXALPQBKGBZPSPYTYA/ref=cm_cr_getr_d_gw_btm?ie=UTF8,2020-09-21 09:19:08.638594,2020-09-21 09:19:08.765474,Carhartt Men's Acrylic Watch Hat,Carhartt Sportswear - Mens,2,B002G9UDYG,AE7SSZYOT6UWUSBEJFS3K2RTRRTQ
193,AGUNXXETKWGX7FCKJWSHE3MMLOTQ,True,Perfect,I love this toque. It's a new staple in my wardrobe.,"May 6, 2020",Amanda,5.0,0,https://www.amazon.ca/gp/profile/amzn1.account.AGUNXXETKWGX7FCKJWSHE3MMLOTQ/ref=cm_cr_getr_d_gw_btm?ie=UTF8,2020-09-21 09:19:08.769377,2020-09-21 09:19:08.900161,Carhartt Men's Acrylic Watch Hat,Carhartt Sportswear - Mens,2,B002G9UDYG,AE7SSZYOT6UWUSBEJFS3K2RTRRTQ
194,AG7C6BL76I6MVZJP4RVFEMBUZ7LQ,True,The colour was slightly off,"The product was slightly lighter in person, not exactly as pictured.","December 29, 2019",Brian,3.0,0,https://www.amazon.ca/gp/profile/amzn1.account.AG7C6BL76I6MVZJP4RVFEMBUZ7LQ/ref=cm_cr_getr_d_gw_btm?ie=UTF8,2020-09-21 09:19:08.904065,2020-09-21 09:19:09.032897,Carhartt Men's Acrylic Watch Hat,Carhartt Sportswear - Mens,2,B002G9UDYG,AE7SSZYOT6UWUSBEJFS3K2RTRRTQ
195,AEIN2K4Z3ZPSOBUFNV3GBAJCCOZQ,True,"Great hat, great quality.","Great hat, got the dark green one and love it. Little tight at first, but that's how it should be. After a couple weeks it fits like a glove, or a hat in this case.","January 20, 2020",Swright,5.0,0,https://www.amazon.ca/gp/profile/amzn1.account.AEIN2K4Z3ZPSOBUFNV3GBAJCCOZQ/ref=cm_cr_getr_d_gw_btm?ie=UTF8,2020-09-21 09:19:09.037776,2020-09-21 09:19:09.165632,Carhartt Men's Acrylic Watch Hat,Carhartt Sportswear - Mens,2,B002G9UDYG,AE7SSZYOT6UWUSBEJFS3K2RTRRTQ
196,AHU3FY764Q76FZSEGBVQKBES5OIA,True,very nice quality and cheaper than in store,i would give this hat 5 stars but it doesn't fit like the black one i bought at marks. its slightly too small for my head but fits well on my wife.,"November 2, 2019",Michael,4.0,0,https://www.amazon.ca/gp/profile/amzn1.account.AHU3FY764Q76FZSEGBVQKBES5OIA/ref=cm_cr_getr_d_gw_btm?ie=UTF8,2020-09-21 09:19:09.170513,2020-09-21 09:19:09.299344,Carhartt Men's Acrylic Watch Hat,Carhartt Sportswear - Mens,2,B002G9UDYG,AE7SSZYOT6UWUSBEJFS3K2RTRRTQ
197,AFSBRUVG6LMGIC6A3R4E5Y65KUSA,True,Love it!!,SUPER FIT - Quality - color- juste amazing for the price,"February 1, 2020",Luc Bouffard,5.0,0,https://www.amazon.ca/gp/profile/amzn1.account.AFSBRUVG6LMGIC6A3R4E5Y65KUSA/ref=cm_cr_getr_d_gw_btm?ie=UTF8,2020-09-21 09:19:09.304225,2020-09-21 09:19:09.434031,Carhartt Men's Acrylic Watch Hat,Carhartt Sportswear - Mens,2,B002G9UDYG,AE7SSZYOT6UWUSBEJFS3K2RTRRTQ
198,AHUU4CEOKFSLCRYDZBWFWNT5FUZA,True,It works,It’s a hat and it fit my head,"January 7, 2020",krista ,5.0,0,https://www.amazon.ca/gp/profile/amzn1.account.AHUU4CEOKFSLCRYDZBWFWNT5FUZA/ref=cm_cr_getr_d_gw_btm?ie=UTF8,2020-09-21 09:19:09.438937,2020-09-21 09:19:09.568746,Carhartt Men's Acrylic Watch Hat,Carhartt Sportswear - Mens,2,B002G9UDYG,AE7SSZYOT6UWUSBEJFS3K2RTRRTQ
199,AHK2OBUQBRAN7TN2EQAKIIYEDA3Q,True,So comfy,"My go to toque. Doesn't itch, or leave lines on your head. My favourite for the cold weather.","May 22, 2019",Amazon Customer,5.0,0,https://www.amazon.ca/gp/profile/amzn1.account.AHK2OBUQBRAN7TN2EQAKIIYEDA3Q/ref=cm_cr_getr_d_gw_btm?ie=UTF8,2020-09-21 09:19:09.573600,2020-09-21 09:19:09.700551,Carhartt Men's Acrylic Watch Hat,Carhartt Sportswear - Mens,2,B002G9UDYG,AE7SSZYOT6UWUSBEJFS3K2RTRRTQ
200,AFS6GSSF3APHEY4Y36P6SA7VCGFA,True,Awesome,Shipping was very fast. Product is high quialty for a great price. Thank you,"January 20, 2020",Shelly,5.0,0,https://www.amazon.ca/gp/profile/amzn1.account.AFS6GSSF3APHEY4Y36P6SA7VCGFA/ref=cm_cr_getr_d_gw_btm?ie=UTF8,2020-09-21 09:19:15.824938,2020-09-21 09:19:15.997688,Carhartt Men's Acrylic Watch Hat,Carhartt Sportswear - Mens,2,B002G9UDYG,AE7SSZYOT6UWUSBEJFS3K2RTRRTQ
201,AGZ7ECRS7XTWT6FHZVA723CSWGFQ,True,good deal on this hat,"great deal cheaper then the store, fit is tight but will work my hat size usally 7 1/4 but will stretch out","February 26, 2019",Steve Gal,5.0,0,https://www.amazon.ca/gp/profile/amzn1.account.AGZ7ECRS7XTWT6FHZVA723CSWGFQ/ref=cm_cr_getr_d_gw_btm?ie=UTF8,2020-09-21 09:19:16.001593,2020-09-21 09:19:16.128472,Carhartt Men's Acrylic Watch Hat,Carhartt Sportswear - Mens,2,B002G9UDYG,AE7SSZYOT6UWUSBEJFS3K2RTRRTQ
202,AGVQ65H3OESYWQK5IEW3IGPGIA4A,True,Very warm hat!,"Bought these for my dad and husband for Christmas. They both love their hats, but say beware because the hats are very warm! They fit well, and definetly do the job. Affordable, and stylish!","January 11, 2019",Chase,5.0,0,https://www.amazon.ca/gp/profile/amzn1.account.AGVQ65H3OESYWQK5IEW3IGPGIA4A/ref=cm_cr_getr_d_gw_btm?ie=UTF8,2020-09-21 09:19:16.132377,2020-09-21 09:19:16.261246,Carhartt Men's Acrylic Watch Hat,Carhartt Sportswear - Mens,2,B002G9UDYG,AE7SSZYOT6UWUSBEJFS3K2RTRRTQ
203,AEQNF5WGQ6KYWDLEUIBZBRNDC43A,True,Great hat!,Love this beanie. Brought for a gift for my husband and it’s perfect. Nice and warm and a great price.,"December 27, 2019",Kirsty Kemp,5.0,0,https://www.amazon.ca/gp/profile/amzn1.account.AEQNF5WGQ6KYWDLEUIBZBRNDC43A/ref=cm_cr_getr_d_gw_btm?ie=UTF8,2020-09-21 09:19:16.265151,2020-09-21 09:19:16.391062,Carhartt Men's Acrylic Watch Hat,Carhartt Sportswear - Mens,2,B002G9UDYG,AE7SSZYOT6UWUSBEJFS3K2RTRRTQ
204,AFUUBPDV4TV6RYGWLYSN7OV7V2SQ,True,Best toque,"Warm and very comfortable, and I love the style of these toques. I love all Carhart products.","April 23, 2019",Hansolo,5.0,0,https://www.amazon.ca/gp/profile/amzn1.account.AFUUBPDV4TV6RYGWLYSN7OV7V2SQ/ref=cm_cr_getr_d_gw_btm?ie=UTF8,2020-09-21 09:19:16.394966,2020-09-21 09:19:16.521846,Carhartt Men's Acrylic Watch Hat,Carhartt Sportswear - Mens,2,B002G9UDYG,AE7SSZYOT6UWUSBEJFS3K2RTRRTQ
205,AF3U3DCLMX7RHRV6ZIOEKWSP3PYQ,True,Great quality product!,Great quality product! Great for working outdoors in Manitoba winters!,"November 11, 2019",Leanne,5.0,0,https://www.amazon.ca/gp/profile/amzn1.account.AF3U3DCLMX7RHRV6ZIOEKWSP3PYQ/ref=cm_cr_getr_d_gw_btm?ie=UTF8,2020-09-21 09:19:16.525751,2020-09-21 09:19:16.655557,Carhartt Men's Acrylic Watch Hat,Carhartt Sportswear - Mens,2,B002G9UDYG,AE7SSZYOT6UWUSBEJFS3K2RTRRTQ
206,AH4CH6KQBTPFHZD56TE7JQKTZCVA,True,Parfait👌,Comme la photo. Ma fille l'adore!,"July 15, 2020",Brigitte ,5.0,0,https://www.amazon.ca/gp/profile/amzn1.account.AH4CH6KQBTPFHZD56TE7JQKTZCVA/ref=cm_cr_getr_d_gw_btm?ie=UTF8,2020-09-21 09:19:16.659462,2020-09-21 09:19:16.801957,Carhartt Men's Acrylic Watch Hat,Carhartt Sportswear - Mens,2,B002G9UDYG,AE7SSZYOT6UWUSBEJFS3K2RTRRTQ
207,AESEJKXRVDUOZCDDKJJBZBNK7VGQ,True,Warm and Stylish,"Warm and Stylish. Colour was just as expected, and fit perfectly snug as I like it (I have a big head).","January 11, 2019",Amazon Customer,5.0,0,https://www.amazon.ca/gp/profile/amzn1.account.AESEJKXRVDUOZCDDKJJBZBNK7VGQ/ref=cm_cr_getr_d_gw_btm?ie=UTF8,2020-09-21 09:19:16.806837,2020-09-21 09:19:16.953236,Carhartt Men's Acrylic Watch Hat,Carhartt Sportswear - Mens,2,B002G9UDYG,AE7SSZYOT6UWUSBEJFS3K2RTRRTQ
208,AFETDOCXTVNBAMFXP5QP6WWJ76DQ,True,tuque,tres belle pour le prix,"January 1, 2020",jacques langlois,5.0,0,https://www.amazon.ca/gp/profile/amzn1.account.AFETDOCXTVNBAMFXP5QP6WWJ76DQ/ref=cm_cr_getr_d_gw_btm?ie=UTF8,2020-09-21 09:19:16.957141,2020-09-21 09:19:17.080116,Carhartt Men's Acrylic Watch Hat,Carhartt Sportswear - Mens,2,B002G9UDYG,AE7SSZYOT6UWUSBEJFS3K2RTRRTQ
209,AFA3IWKETBNK3L7WHZ7EOWRI667A,True,Good toque colour a bit off,Deep wine looks brown not like a deep purple. Great toque tho.,"April 18, 2020",Hilsie ,4.0,0,https://www.amazon.ca/gp/profile/amzn1.account.AFA3IWKETBNK3L7WHZ7EOWRI667A/ref=cm_cr_getr_d_gw_btm?ie=UTF8,2020-09-21 09:19:17.084996,2020-09-21 09:19:17.208990,Carhartt Men's Acrylic Watch Hat,Carhartt Sportswear - Mens,2,B002G9UDYG,AE7SSZYOT6UWUSBEJFS3K2RTRRTQ
210,AEWYJAWBEX7NTITKQGYRMR5MFKIQ,True,This stole my carhartt,Bought for my husband as he is a big fan of this brand. Great price,"November 2, 2019",Chrissy,5.0,0,https://www.amazon.ca/gp/profile/amzn1.account.AEWYJAWBEX7NTITKQGYRMR5MFKIQ/ref=cm_cr_getr_d_gw_btm?ie=UTF8,2020-09-21 09:19:21.336388,2020-09-21 09:19:21.509136,Carhartt Men's Acrylic Watch Hat,Carhartt Sportswear - Mens,2,B002G9UDYG,AE7SSZYOT6UWUSBEJFS3K2RTRRTQ
211,AHHRLEALVGUBDEAS546DMF4VV77Q,True,"Not itchy, worth the price!",I love Carhartt. Their brand is very durable and well made. This hat fits perfect.,"December 29, 2019",Tihana,5.0,0,https://www.amazon.ca/gp/profile/amzn1.account.AHHRLEALVGUBDEAS546DMF4VV77Q/ref=cm_cr_getr_d_gw_btm?ie=UTF8,2020-09-21 09:19:21.513039,2020-09-21 09:19:21.636991,Carhartt Men's Acrylic Watch Hat,Carhartt Sportswear - Mens,2,B002G9UDYG,AE7SSZYOT6UWUSBEJFS3K2RTRRTQ
212,AFD35PXPUMRVH2XWSJSJDDFM225Q,True,Toques,"Great toque nice and warm, will be ordering another! I ordered the brown, orange and grey, all look great!","November 30, 2018",Jordyn,5.0,0,https://www.amazon.ca/gp/profile/amzn1.account.AFD35PXPUMRVH2XWSJSJDDFM225Q/ref=cm_cr_getr_d_gw_btm?ie=UTF8,2020-09-21 09:19:21.640894,2020-09-21 09:19:21.770703,Carhartt Men's Acrylic Watch Hat,Carhartt Sportswear - Mens,2,B002G9UDYG,AE7SSZYOT6UWUSBEJFS3K2RTRRTQ
213,AFYLCJ2IA3XWNF2X3JR3SSERU3DA,True,Great quality,Love the quality. Just a little tighter than expected I guess I have a big head haha. But then my friend helped me to stretch it out so it’s great now :),"April 14, 2020",z.,4.0,0,https://www.amazon.ca/gp/profile/amzn1.account.AFYLCJ2IA3XWNF2X3JR3SSERU3DA/ref=cm_cr_getr_d_gw_btm?ie=UTF8,2020-09-21 09:19:21.775608,2020-09-21 09:19:21.906367,Carhartt Men's Acrylic Watch Hat,Carhartt Sportswear - Mens,2,B002G9UDYG,AE7SSZYOT6UWUSBEJFS3K2RTRRTQ
214,AEA3PUKLRXFFLNUJ3F72LW66MSRA,True,Four Stars,Fits a little snug but sill overall comfortable. Great material keeps your head super warm!,"February 28, 2018",erin,4.0,One,https://www.amazon.ca/gp/profile/amzn1.account.AEA3PUKLRXFFLNUJ3F72LW66MSRA/ref=cm_cr_getr_d_gw_btm?ie=UTF8,2020-09-21 09:19:21.911246,2020-09-21 09:19:22.044958,Carhartt Men's Acrylic Watch Hat,Carhartt Sportswear - Mens,2,B002G9UDYG,AE7SSZYOT6UWUSBEJFS3K2RTRRTQ
215,AGN3T542SQR6CMQATB5RTXTSNTYQ,True,Nice and functional!,"comfort, soft and warm!","January 5, 2020",A. Sedki,5.0,0,https://www.amazon.ca/gp/profile/amzn1.account.AGN3T542SQR6CMQATB5RTXTSNTYQ/ref=cm_cr_getr_d_gw_btm?ie=UTF8,2020-09-21 09:19:22.048862,2020-09-21 09:19:22.177694,Carhartt Men's Acrylic Watch Hat,Carhartt Sportswear - Mens,2,B002G9UDYG,AE7SSZYOT6UWUSBEJFS3K2RTRRTQ
216,AEEKUZ6VMIMAMWT4PCPZKSWCP34A,True,Great fit,Great quality and price,"November 17, 2019",Wayne,4.0,0,https://www.amazon.ca/gp/profile/amzn1.account.AEEKUZ6VMIMAMWT4PCPZKSWCP34A/ref=cm_cr_getr_d_gw_btm?ie=UTF8,2020-09-21 09:19:22.182606,2020-09-21 09:19:22.310472,Carhartt Men's Acrylic Watch Hat,Carhartt Sportswear - Mens,2,B002G9UDYG,AE7SSZYOT6UWUSBEJFS3K2RTRRTQ
217,AEWNB2I5P7M5HV7LHO4NYMPPBS4Q,True,Perfect!,Love it! Love the color & the fit. Thank you,"May 1, 2020",Miranda,5.0,0,https://www.amazon.ca/gp/profile/amzn1.account.AEWNB2I5P7M5HV7LHO4NYMPPBS4Q/ref=cm_cr_getr_d_gw_btm?ie=UTF8,2020-09-21 09:19:22.314378,2020-09-21 09:19:22.448088,Carhartt Men's Acrylic Watch Hat,Carhartt Sportswear - Mens,2,B002G9UDYG,AE7SSZYOT6UWUSBEJFS3K2RTRRTQ
218,AH2WRURZH3BOEUF6EU46SBHQFFUA,True,Sizing,"Out of 3 Carhartt hats I purchased, this one was the only one that had a US notation on it vs CA and is at least a couple sizes too small.","December 25, 2019",Tusher,2.0,0,https://www.amazon.ca/gp/profile/amzn1.account.AH2WRURZH3BOEUF6EU46SBHQFFUA/ref=cm_cr_getr_d_gw_btm?ie=UTF8,2020-09-21 09:19:22.451992,2020-09-21 09:19:22.577896,Carhartt Men's Acrylic Watch Hat,Carhartt Sportswear - Mens,2,B002G9UDYG,AE7SSZYOT6UWUSBEJFS3K2RTRRTQ
219,AHQJQMNHSCEOAH2J2COPBN2FMJRA,True,"Meant for kids or people with small heads, this isn’t adult sized hat",I like the style of it but it’s too small and no option to get a bigger size. My friend who bought one in stores has a significantly larger hat and that wasn’t available on amazon when I purchased this.,"May 11, 2020",Joey,1.0,0,https://www.amazon.ca/gp/profile/amzn1.account.AHQJQMNHSCEOAH2J2COPBN2FMJRA/ref=cm_cr_getr_d_gw_btm?ie=UTF8,2020-09-21 09:19:22.582776,2020-09-21 09:19:22.708728,Carhartt Men's Acrylic Watch Hat,Carhartt Sportswear - Mens,2,B002G9UDYG,AE7SSZYOT6UWUSBEJFS3K2RTRRTQ
220,AGRW2GEJR6UXLNXJVIM3ZJTCSP2Q,True,Super,Just what I expected from Carhartt product. Excellent !,"November 30, 2019",Amazon Customer,5.0,0,https://www.amazon.ca/gp/profile/amzn1.account.AGRW2GEJR6UXLNXJVIM3ZJTCSP2Q/ref=cm_cr_getr_d_gw_btm?ie=UTF8,2020-09-21 09:19:27.838063,2020-09-21 09:19:28.011789,Carhartt Men's Acrylic Watch Hat,Carhartt Sportswear - Mens,2,B002G9UDYG,AE7SSZYOT6UWUSBEJFS3K2RTRRTQ
221,AFZZ2TSDWY7MHUF6QAK4RR6EBOZA,True,Cute,A little on the longer side of a toque but it’s cute,"December 31, 2019",Amazon Customer,5.0,0,https://www.amazon.ca/gp/profile/amzn1.account.AFZZ2TSDWY7MHUF6QAK4RR6EBOZA/ref=cm_cr_getr_d_gw_btm?ie=UTF8,2020-09-21 09:19:28.015695,2020-09-21 09:19:28.199181,Carhartt Men's Acrylic Watch Hat,Carhartt Sportswear - Mens,2,B002G9UDYG,AE7SSZYOT6UWUSBEJFS3K2RTRRTQ
222,AHYYNMLD7NEPTBY6M32EUYRO5ADA,True,Super cute in brown,I really like this hat. My fiance keeps trying to steal it.,"December 14, 2019",Aura,5.0,0,https://www.amazon.ca/gp/profile/amzn1.account.AHYYNMLD7NEPTBY6M32EUYRO5ADA/ref=cm_cr_getr_d_gw_btm?ie=UTF8,2020-09-21 09:19:28.204061,2020-09-21 09:19:28.334845,Carhartt Men's Acrylic Watch Hat,Carhartt Sportswear - Mens,2,B002G9UDYG,AE7SSZYOT6UWUSBEJFS3K2RTRRTQ
223,AEPB35JULE6Z745FSTGDJH3QHQTA,True,Itchy head!,Makes my head ITCHY! But it does hold its shape well.,"December 3, 2019",Sharon,3.0,0,https://www.amazon.ca/gp/profile/amzn1.account.AEPB35JULE6Z745FSTGDJH3QHQTA/ref=cm_cr_getr_d_gw_btm?ie=UTF8,2020-09-21 09:19:28.339724,2020-09-21 09:19:28.465627,Carhartt Men's Acrylic Watch Hat,Carhartt Sportswear - Mens,2,B002G9UDYG,AE7SSZYOT6UWUSBEJFS3K2RTRRTQ
224,AG6UL4BTTCHFAE4KPXB3S5PG4FHQ,True,"Wrong colour, but good fit.","It’s a nice touque, but I got it in dark green and it’s more likely a dark brown than green which is disappointing. But still, probably will get another one and hopefully get the right colour.","January 7, 2020",Joely Bragg,3.0,0,https://www.amazon.ca/gp/profile/amzn1.account.AG6UL4BTTCHFAE4KPXB3S5PG4FHQ/ref=cm_cr_getr_d_gw_btm?ie=UTF8,2020-09-21 09:19:28.469531,2020-09-21 09:19:28.599339,Carhartt Men's Acrylic Watch Hat,Carhartt Sportswear - Mens,2,B002G9UDYG,AE7SSZYOT6UWUSBEJFS3K2RTRRTQ
225,AHGLZWDKQYUXTFAPQISWZANMLXSQ,True,Does not fit well.,Was looking for a hat to cover my ears and head. I wear glasses and this hat pushes down on my glasses.,"November 20, 2018",Atticus,1.0,0,https://www.amazon.ca/gp/profile/amzn1.account.AHGLZWDKQYUXTFAPQISWZANMLXSQ/ref=cm_cr_getr_d_gw_btm?ie=UTF8,2020-09-21 09:19:28.603244,2020-09-21 09:19:28.733050,Carhartt Men's Acrylic Watch Hat,Carhartt Sportswear - Mens,2,B002G9UDYG,AE7SSZYOT6UWUSBEJFS3K2RTRRTQ
226,AED6QYYS3IF6ZQ4LCKVUHHOBC3DA,True,Nice and warm,Bought as a gift for my daughter she really likes it,"February 15, 2020",Renous,5.0,0,https://www.amazon.ca/gp/profile/amzn1.account.AED6QYYS3IF6ZQ4LCKVUHHOBC3DA/ref=cm_cr_getr_d_gw_btm?ie=UTF8,2020-09-21 09:19:28.736954,2020-09-21 09:19:28.872619,Carhartt Men's Acrylic Watch Hat,Carhartt Sportswear - Mens,2,B002G9UDYG,AE7SSZYOT6UWUSBEJFS3K2RTRRTQ
227,AEUSY6CGJ7MQCIEDT7P3UYJOY5SQ,True,It works,It's exactly what I expected. Fits fine. Seems to be warm enough.,"September 13, 2019",A.n.o.n,4.0,0,https://www.amazon.ca/gp/profile/amzn1.account.AEUSY6CGJ7MQCIEDT7P3UYJOY5SQ/ref=cm_cr_getr_d_gw_btm?ie=UTF8,2020-09-21 09:19:28.876522,2020-09-21 09:19:29.007307,Carhartt Men's Acrylic Watch Hat,Carhartt Sportswear - Mens,2,B002G9UDYG,AE7SSZYOT6UWUSBEJFS3K2RTRRTQ
228,AEWS6EIEYLAU42HG6CEV3ZTTV3NQ,True,Hat review,"Great hat, fast shipping, second one I have bought very warm","February 11, 2020",Amazon Customer,5.0,0,https://www.amazon.ca/gp/profile/amzn1.account.AEWS6EIEYLAU42HG6CEV3ZTTV3NQ/ref=cm_cr_getr_d_gw_btm?ie=UTF8,2020-09-21 09:19:29.011210,2020-09-21 09:19:29.142970,Carhartt Men's Acrylic Watch Hat,Carhartt Sportswear - Mens,2,B002G9UDYG,AE7SSZYOT6UWUSBEJFS3K2RTRRTQ
229,AELKFYDGBVEVY2HADB26XYJ4IYJQ,True,Just perfect !,Absolutely love this hat !!!! Warm for cold Canadian weather and fit in a proper way. The quality is out standing!,"February 13, 2020",Meni M.,5.0,0,https://www.amazon.ca/gp/profile/amzn1.account.AELKFYDGBVEVY2HADB26XYJ4IYJQ/ref=cm_cr_getr_d_gw_btm?ie=UTF8,2020-09-21 09:19:29.146874,2020-09-21 09:19:29.278633,Carhartt Men's Acrylic Watch Hat,Carhartt Sportswear - Mens,2,B002G9UDYG,AE7SSZYOT6UWUSBEJFS3K2RTRRTQ
230,AFGHRFS5JBQB5ALS5K6RZ5O5OEKA,True,5 star!!,Perfect. I love this hat. Such a great colour and fit,"December 5, 2019",Walker's,5.0,0,https://www.amazon.ca/gp/profile/amzn1.account.AFGHRFS5JBQB5ALS5K6RZ5O5OEKA/ref=cm_cr_getr_d_gw_btm?ie=UTF8,2020-09-21 09:19:33.415139,2020-09-21 09:19:33.551779,Carhartt Men's Acrylic Watch Hat,Carhartt Sportswear - Mens,2,B002G9UDYG,AE7SSZYOT6UWUSBEJFS3K2RTRRTQ
231,AHCLH75YWUOHP7VA4YPU7BYPUNHA,True,I’d recommend,Bought this early for my bfs Xmas stocking. The quality is nice and seems really warm. I ended out ordering another one,"October 11, 2019",Sarah,5.0,0,https://www.amazon.ca/gp/profile/amzn1.account.AHCLH75YWUOHP7VA4YPU7BYPUNHA/ref=cm_cr_getr_d_gw_btm?ie=UTF8,2020-09-21 09:19:33.556659,2020-09-21 09:19:33.681587,Carhartt Men's Acrylic Watch Hat,Carhartt Sportswear - Mens,2,B002G9UDYG,AE7SSZYOT6UWUSBEJFS3K2RTRRTQ
232,AHIQCAEYJZX3WA3LLPBMWRR66GGQ,True,Perfect Yellow Brown,"Look exactly like in the picture. Great quality, and perfect aesthetically (a lot of extra ""hat"" to give a nice height).

Perfect Yellow Brown","January 5, 2019",Riceball&Tea,5.0,0,https://www.amazon.ca/gp/profile/amzn1.account.AHIQCAEYJZX3WA3LLPBMWRR66GGQ/ref=cm_cr_getr_d_gw_btm?ie=UTF8,2020-09-21 09:19:33.685490,2020-09-21 09:19:33.810419,Carhartt Men's Acrylic Watch Hat,Carhartt Sportswear - Mens,2,B002G9UDYG,AE7SSZYOT6UWUSBEJFS3K2RTRRTQ
233,AHG6EWTLNVUU4P64PVIQZCRY24HA,True,Fit different than the black one,Ordered a black and a gray one and the fit is very different... the gray one is much smaller.,"January 2, 2019",Amazon Customer,3.0,0,https://www.amazon.ca/gp/profile/amzn1.account.AHG6EWTLNVUU4P64PVIQZCRY24HA/ref=cm_cr_getr_d_gw_btm?ie=UTF8,2020-09-21 09:19:33.814323,2020-09-21 09:19:33.941202,Carhartt Men's Acrylic Watch Hat,Carhartt Sportswear - Mens,2,B002G9UDYG,AE7SSZYOT6UWUSBEJFS3K2RTRRTQ
234,AF4FBRWOJYDQF4MXP2LDJTVPPK5A,True,Very warm hat,Love the colour of this hat,"March 11, 2020",Christopher,5.0,0,https://www.amazon.ca/gp/profile/amzn1.account.AF4FBRWOJYDQF4MXP2LDJTVPPK5A/ref=cm_cr_getr_d_gw_btm?ie=UTF8,2020-09-21 09:19:33.945106,2020-09-21 09:19:34.072987,Carhartt Men's Acrylic Watch Hat,Carhartt Sportswear - Mens,2,B002G9UDYG,AE7SSZYOT6UWUSBEJFS3K2RTRRTQ
235,AGCEDQEKANLVIQPP4BUTIODSEGXQ,True,Love it,Love it soo warm for cold winter days. Causes sweating on warmer winter days. #TorontoWeatherlol,"November 15, 2018",Sumeet,5.0,0,https://www.amazon.ca/gp/profile/amzn1.account.AGCEDQEKANLVIQPP4BUTIODSEGXQ/ref=cm_cr_getr_d_gw_btm?ie=UTF8,2020-09-21 09:19:34.076866,2020-09-21 09:19:34.208660,Carhartt Men's Acrylic Watch Hat,Carhartt Sportswear - Mens,2,B002G9UDYG,AE7SSZYOT6UWUSBEJFS3K2RTRRTQ
236,AHZ4SLSGVQT5JEZDUAWNVNF5HXHA,True,Great value.,"Great hat for the price.

Would be nice if it was a bit warmer. But for the price you can’t beat it. Will also suite pretty much everyone’s needs. -20c days it’s a bit thin if tour not working and keeping warm.","December 29, 2018",Kyle Beardmore,4.0,0,https://www.amazon.ca/gp/profile/amzn1.account.AHZ4SLSGVQT5JEZDUAWNVNF5HXHA/ref=cm_cr_getr_d_gw_btm?ie=UTF8,2020-09-21 09:19:34.212564,2020-09-21 09:19:34.336539,Carhartt Men's Acrylic Watch Hat,Carhartt Sportswear - Mens,2,B002G9UDYG,AE7SSZYOT6UWUSBEJFS3K2RTRRTQ
237,AE4J4WHTKEGYJDPCE4NOEUTRA6ZA,True,Love it,Purchased for a hunting trip in Canada. Did the trick and pretty cozy,"December 10, 2019",Amazon Customer,5.0,0,https://www.amazon.ca/gp/profile/amzn1.account.AE4J4WHTKEGYJDPCE4NOEUTRA6ZA/ref=cm_cr_getr_d_gw_btm?ie=UTF8,2020-09-21 09:19:34.341419,2020-09-21 09:19:34.467332,Carhartt Men's Acrylic Watch Hat,Carhartt Sportswear - Mens,2,B002G9UDYG,AE7SSZYOT6UWUSBEJFS3K2RTRRTQ
238,AGBEYRI272RPAFWDW3MEFYQEKH5Q,True,My daughter loves her hat,"And I love it cause I can see her from afar lol
Great bright, daughter loves it - perfect!!","January 18, 2020",Ramona Hanser,5.0,0,https://www.amazon.ca/gp/profile/amzn1.account.AGBEYRI272RPAFWDW3MEFYQEKH5Q/ref=cm_cr_getr_d_gw_btm?ie=UTF8,2020-09-21 09:19:34.472212,2020-09-21 09:19:34.602996,Carhartt Men's Acrylic Watch Hat,Carhartt Sportswear - Mens,2,B002G9UDYG,AE7SSZYOT6UWUSBEJFS3K2RTRRTQ
239,AHBCLFGW6MNFL2SH2ZNEO2VWUMEA,True,"Two hats, two fits.","Ordered two (one black, one tan) and they fit differently. The tan one is a nice size and fits snuggly, but the black one is larger and fits looser. The black one is longer and ends up sitting funny. The tan one is a nicer, tighter knit too.","October 17, 2017",Amazon Customer,3.0,0,https://www.amazon.ca/gp/profile/amzn1.account.AHBCLFGW6MNFL2SH2ZNEO2VWUMEA/ref=cm_cr_getr_d_gw_btm?ie=UTF8,2020-09-21 09:19:34.606900,2020-09-21 09:19:34.735731,Carhartt Men's Acrylic Watch Hat,Carhartt Sportswear - Mens,2,B002G9UDYG,AE7SSZYOT6UWUSBEJFS3K2RTRRTQ
240,AHIMDQ2BJN5RXFCBFCUZBFEBBVNQ,True,Head Happy,"Fit's well, quality materials, looks good and relatively warm. Happy with the purchase.","January 20, 2019",RedMcC,4.0,0,https://www.amazon.ca/gp/profile/amzn1.account.AHIMDQ2BJN5RXFCBFCUZBFEBBVNQ/ref=cm_cr_getr_d_gw_btm?ie=UTF8,2020-09-21 09:19:40.881206,2020-09-21 09:19:41.015916,Carhartt Men's Acrylic Watch Hat,Carhartt Sportswear - Mens,2,B002G9UDYG,AE7SSZYOT6UWUSBEJFS3K2RTRRTQ
241,AELWDLUYGRTDG2M42K5GIUHGJAYA,True,Four Stars,The colour of this hat is much more purpl in person.,"October 24, 2018",Curly corn,4.0,One,https://www.amazon.ca/gp/profile/amzn1.account.AELWDLUYGRTDG2M42K5GIUHGJAYA/ref=cm_cr_getr_d_gw_btm?ie=UTF8,2020-09-21 09:19:41.019797,2020-09-21 09:19:41.148628,Carhartt Men's Acrylic Watch Hat,Carhartt Sportswear - Mens,2,B002G9UDYG,AE7SSZYOT6UWUSBEJFS3K2RTRRTQ
242,AFLNF3HFBVYJB5CUY76HI5E3TWDA,True,Nice looking but poor quality.,"Nice looking product however arrived with slight tear in fabric.
Unfortunate as we are huge Cartthart fans.","February 17, 2020",sashyazahaby,1.0,0,https://www.amazon.ca/gp/profile/amzn1.account.AFLNF3HFBVYJB5CUY76HI5E3TWDA/ref=cm_cr_getr_d_gw_btm?ie=UTF8,2020-09-21 09:19:41.152532,2020-09-21 09:19:41.275508,Carhartt Men's Acrylic Watch Hat,Carhartt Sportswear - Mens,2,B002G9UDYG,AE7SSZYOT6UWUSBEJFS3K2RTRRTQ
243,AFTAFHEHV3BRWITSDHMGMBJPJZUQ,True,Fits Very Tight,Fits very tight. No conformable.,"March 17, 2020",EvanXRS,3.0,0,https://www.amazon.ca/gp/profile/amzn1.account.AFTAFHEHV3BRWITSDHMGMBJPJZUQ/ref=cm_cr_getr_d_gw_btm?ie=UTF8,2020-09-21 09:19:41.280388,2020-09-21 09:19:41.408245,Carhartt Men's Acrylic Watch Hat,Carhartt Sportswear - Mens,2,B002G9UDYG,AE7SSZYOT6UWUSBEJFS3K2RTRRTQ
244,AFERVH2HPCSP4GFKDQGTPOIPJKGA,True,Its good,It’s a nice hat and comfy and keep ya me warm,"December 5, 2019",Mena,3.0,0,https://www.amazon.ca/gp/profile/amzn1.account.AFERVH2HPCSP4GFKDQGTPOIPJKGA/ref=cm_cr_getr_d_gw_btm?ie=UTF8,2020-09-21 09:19:41.413124,2020-09-21 09:19:41.540979,Carhartt Men's Acrylic Watch Hat,Carhartt Sportswear - Mens,2,B002G9UDYG,AE7SSZYOT6UWUSBEJFS3K2RTRRTQ
245,AGDG4ODW6E5H4FWRZPTRASVB7B6A,True,Loved it 💕,Absolutely perfect! If I could afford to purchase them in every colour I absolutely would. One for every day of the week.,"December 8, 2019",Kelsey,5.0,0,https://www.amazon.ca/gp/profile/amzn1.account.AGDG4ODW6E5H4FWRZPTRASVB7B6A/ref=cm_cr_getr_d_gw_btm?ie=UTF8,2020-09-21 09:19:41.544884,2020-09-21 09:19:41.672739,Carhartt Men's Acrylic Watch Hat,Carhartt Sportswear - Mens,2,B002G9UDYG,AE7SSZYOT6UWUSBEJFS3K2RTRRTQ
246,AHSIWFRKV267RRZNQE34UNXYQFLQ,True,Smaller fit.,"Fits smaller than previous one I bough. Tighter around the head and I have a small head for an adult... I can fit into a youth cap
Still nice however! And wear it plenty
(Female 29y)","December 16, 2019",Marc-Olivier V.,4.0,0,https://www.amazon.ca/gp/profile/amzn1.account.AHSIWFRKV267RRZNQE34UNXYQFLQ/ref=cm_cr_getr_d_gw_btm?ie=UTF8,2020-09-21 09:19:41.676643,2020-09-21 09:19:41.805501,Carhartt Men's Acrylic Watch Hat,Carhartt Sportswear - Mens,2,B002G9UDYG,AE7SSZYOT6UWUSBEJFS3K2RTRRTQ
247,AGFQZW5BIHACIX24DARPGLO5RAYQ,True,LOVE THESE HATS!,"Ive bought two of these hats, one fit perfectly, while as the other one was a bit smaller. Overall love these hats they are made out of good material, sturdy and super cute! Definitely recommend!","November 19, 2019",Natalie Dubas,5.0,0,https://www.amazon.ca/gp/profile/amzn1.account.AGFQZW5BIHACIX24DARPGLO5RAYQ/ref=cm_cr_getr_d_gw_btm?ie=UTF8,2020-09-21 09:19:41.809379,2020-09-21 09:19:41.960692,Carhartt Men's Acrylic Watch Hat,Carhartt Sportswear - Mens,2,B002G9UDYG,AE7SSZYOT6UWUSBEJFS3K2RTRRTQ
248,AGVZ44EJZYNKL26WIEIYDXVZWDQQ,True,Not one size fits all,Nice knockoff hat but was to small for an adult,"November 23, 2019",Brandon,3.0,0,https://www.amazon.ca/gp/profile/amzn1.account.AGVZ44EJZYNKL26WIEIYDXVZWDQQ/ref=cm_cr_getr_d_gw_btm?ie=UTF8,2020-09-21 09:19:41.964596,2020-09-21 09:19:42.088549,Carhartt Men's Acrylic Watch Hat,Carhartt Sportswear - Mens,2,B002G9UDYG,AE7SSZYOT6UWUSBEJFS3K2RTRRTQ
249,AEG5ZVSODD5UQDVAULTRWW6NEM7Q,True,My favourite hat,The colour is super vibrant which was exactly what I wanted. Fits well and came as expected. 100% recommend.,"February 25, 2019",Sofia D,5.0,0,https://www.amazon.ca/gp/profile/amzn1.account.AEG5ZVSODD5UQDVAULTRWW6NEM7Q/ref=cm_cr_getr_d_gw_btm?ie=UTF8,2020-09-21 09:19:42.092453,2020-09-21 09:19:42.247673,Carhartt Men's Acrylic Watch Hat,Carhartt Sportswear - Mens,2,B002G9UDYG,AE7SSZYOT6UWUSBEJFS3K2RTRRTQ
250,AHMTV5INOBZU4XVJ5THS7MCUFJHA,True,Love it,Perfect toque. Super warm and soft. Fits perfect.,"October 16, 2019",Katrina,5.0,0,https://www.amazon.ca/gp/profile/amzn1.account.AHMTV5INOBZU4XVJ5THS7MCUFJHA/ref=cm_cr_getr_d_gw_btm?ie=UTF8,2020-09-21 09:19:44.382339,2020-09-21 09:19:44.517025,Carhartt Men's Acrylic Watch Hat,Carhartt Sportswear - Mens,2,B002G9UDYG,AE7SSZYOT6UWUSBEJFS3K2RTRRTQ
251,AHM4QL4GCBQPT33FAOT66Q4OURGQ,True,Warm!,The hat is exactly as shown. It's nice and think and warm for the winter. The colour is great too! I would consider buying more.,"March 5, 2019",Tom W,5.0,0,https://www.amazon.ca/gp/profile/amzn1.account.AHM4QL4GCBQPT33FAOT66Q4OURGQ/ref=cm_cr_getr_d_gw_btm?ie=UTF8,2020-09-21 09:19:44.521906,2020-09-21 09:19:44.644882,Carhartt Men's Acrylic Watch Hat,Carhartt Sportswear - Mens,2,B002G9UDYG,AE7SSZYOT6UWUSBEJFS3K2RTRRTQ
252,AE5CK5LTQYT7S2LTNWBJJMCPMDTQ,True,Great purchase!,I love this toque! Warm and cheap,"February 11, 2020",Jacob,5.0,0,https://www.amazon.ca/gp/profile/amzn1.account.AE5CK5LTQYT7S2LTNWBJJMCPMDTQ/ref=cm_cr_getr_d_gw_btm?ie=UTF8,2020-09-21 09:19:44.648786,2020-09-21 09:19:44.776642,Carhartt Men's Acrylic Watch Hat,Carhartt Sportswear - Mens,2,B002G9UDYG,AE7SSZYOT6UWUSBEJFS3K2RTRRTQ
253,AFKR6HZXBYACVRPPTN47FCU52UAQ,True,Super cute,Really cute and comfy. Fits perfect !,"May 27, 2020",Brooke,5.0,0,https://www.amazon.ca/gp/profile/amzn1.account.AFKR6HZXBYACVRPPTN47FCU52UAQ/ref=cm_cr_getr_d_gw_btm?ie=UTF8,2020-09-21 09:19:44.780547,2020-09-21 09:19:44.907425,Carhartt Men's Acrylic Watch Hat,Carhartt Sportswear - Mens,2,B002G9UDYG,AE7SSZYOT6UWUSBEJFS3K2RTRRTQ
254,AFNSFYBUY47BH7LKUZTFYYCOWNQQ,True,Love it,"It’s perfect, I ordered a matching one for my baby boy","October 24, 2019",Tamara Dumont,5.0,0,https://www.amazon.ca/gp/profile/amzn1.account.AFNSFYBUY47BH7LKUZTFYYCOWNQQ/ref=cm_cr_getr_d_gw_btm?ie=UTF8,2020-09-21 09:19:44.912305,2020-09-21 09:19:45.037232,Carhartt Men's Acrylic Watch Hat,Carhartt Sportswear - Mens,2,B002G9UDYG,AE7SSZYOT6UWUSBEJFS3K2RTRRTQ
255,AEDJBHUVQWTD66O4I2OXFCXWXY6Q,True,As described,Daughter loved it,"May 25, 2020",Dayna ,5.0,0,https://www.amazon.ca/gp/profile/amzn1.account.AEDJBHUVQWTD66O4I2OXFCXWXY6Q/ref=cm_cr_getr_d_gw_btm?ie=UTF8,2020-09-21 09:19:45.042112,2020-09-21 09:19:45.167074,Carhartt Men's Acrylic Watch Hat,Carhartt Sportswear - Mens,2,B002G9UDYG,AE7SSZYOT6UWUSBEJFS3K2RTRRTQ
256,AHZF6KL6UJYXOOERQ4Q5EVHGCIEA,True,High Quality,"Perfect size, very comfortable and the color it's simply amazing.","October 26, 2019",Olegario Neto,5.0,0,https://www.amazon.ca/gp/profile/amzn1.account.AHZF6KL6UJYXOOERQ4Q5EVHGCIEA/ref=cm_cr_getr_d_gw_btm?ie=UTF8,2020-09-21 09:19:45.171956,2020-09-21 09:19:45.295913,Carhartt Men's Acrylic Watch Hat,Carhartt Sportswear - Mens,2,B002G9UDYG,AE7SSZYOT6UWUSBEJFS3K2RTRRTQ
257,AFHMVBBTRA5YEPUKJRB45XAVKXIA,True,Good hat,"Very good hat. Keeps ear warm and looks nice. A little more snug then the black, brown, and gray. I like my hats a little looser, but still a very good hat.","April 29, 2020",Aniello,5.0,0,https://www.amazon.ca/gp/profile/amzn1.account.AFHMVBBTRA5YEPUKJRB45XAVKXIA/ref=cm_cr_getr_d_gw_btm?ie=UTF8,2020-09-21 09:19:45.298841,2020-09-21 09:19:45.424745,Carhartt Men's Acrylic Watch Hat,Carhartt Sportswear - Mens,2,B002G9UDYG,AE7SSZYOT6UWUSBEJFS3K2RTRRTQ
258,AGTCC2F66YJ6RAJ2M3CJ36JSTV5Q,True,As expected,as expected.,"September 17, 2020",Erin,5.0,0,https://www.amazon.ca/gp/profile/amzn1.account.AGTCC2F66YJ6RAJ2M3CJ36JSTV5Q/ref=cm_cr_getr_d_gw_btm?ie=UTF8,2020-09-21 09:19:45.429654,2020-09-21 09:19:45.554553,Carhartt Men's Acrylic Watch Hat,Carhartt Sportswear - Mens,2,B002G9UDYG,AE7SSZYOT6UWUSBEJFS3K2RTRRTQ
259,AHAYHFFF7B4JWMPKW3NVXBDJCA3A,True,10/10 would recommend,Love this toque! Such a cute colour too,"January 24, 2020",Dana,5.0,0,https://www.amazon.ca/gp/profile/amzn1.account.AHAYHFFF7B4JWMPKW3NVXBDJCA3A/ref=cm_cr_getr_d_gw_btm?ie=UTF8,2020-09-21 09:19:45.558456,2020-09-21 09:19:45.683413,Carhartt Men's Acrylic Watch Hat,Carhartt Sportswear - Mens,2,B002G9UDYG,AE7SSZYOT6UWUSBEJFS3K2RTRRTQ
260,AG4PL5SLS65DYHF5TVOQXZ7TG4BA,True,Carhartt quality as expected,"Great hat for winter, keeps me warm as I work outside","April 30, 2020",Andre,5.0,0,https://www.amazon.ca/gp/profile/amzn1.account.AG4PL5SLS65DYHF5TVOQXZ7TG4BA/ref=cm_cr_getr_d_gw_btm?ie=UTF8,2020-09-21 09:19:47.808413,2020-09-21 09:19:47.956764,Carhartt Men's Acrylic Watch Hat,Carhartt Sportswear - Mens,2,B002G9UDYG,AE7SSZYOT6UWUSBEJFS3K2RTRRTQ
261,AEOITGTIYUGE6GXJBJBE5DMFREAA,True,Cool toque,Loved the color and how it fits!,"February 1, 2020",DiaMcl,5.0,0,https://www.amazon.ca/gp/profile/amzn1.account.AEOITGTIYUGE6GXJBJBE5DMFREAA/ref=cm_cr_getr_d_gw_btm?ie=UTF8,2020-09-21 09:19:47.960669,2020-09-21 09:19:48.087548,Carhartt Men's Acrylic Watch Hat,Carhartt Sportswear - Mens,2,B002G9UDYG,AE7SSZYOT6UWUSBEJFS3K2RTRRTQ
262,AE4N52XFDNMMZEFYYPVKRVPF2O3Q,True,Very good quality,Very nice! We are very happy with this product,"October 22, 2019",Joop62,5.0,0,https://www.amazon.ca/gp/profile/amzn1.account.AE4N52XFDNMMZEFYYPVKRVPF2O3Q/ref=cm_cr_getr_d_gw_btm?ie=UTF8,2020-09-21 09:19:48.090475,2020-09-21 09:19:48.212508,Carhartt Men's Acrylic Watch Hat,Carhartt Sportswear - Mens,2,B002G9UDYG,AE7SSZYOT6UWUSBEJFS3K2RTRRTQ
263,AEVUSNR42TSH7IGFZGRXUNGTH7WA,True,Wide variety of colors and good quality,I love this hat! I have a couple Carharrt beanies already and i like them a lot so I was happy to see them on here for a good price and a wide selection of colors. Very happy with my product received.,"April 4, 2018",Kiana,5.0,0,https://www.amazon.ca/gp/profile/amzn1.account.AEVUSNR42TSH7IGFZGRXUNGTH7WA/ref=cm_cr_getr_d_gw_btm?ie=UTF8,2020-09-21 09:19:48.217386,2020-09-21 09:19:48.338410,Carhartt Men's Acrylic Watch Hat,Carhartt Sportswear - Mens,2,B002G9UDYG,AE7SSZYOT6UWUSBEJFS3K2RTRRTQ
264,AE2XK57U6EHFAUHHU4SDCYYH3TWQ,True,Great touque,Great winter touque,"May 11, 2020",tony,5.0,0,https://www.amazon.ca/gp/profile/amzn1.account.AE2XK57U6EHFAUHHU4SDCYYH3TWQ/ref=cm_cr_getr_d_gw_btm?ie=UTF8,2020-09-21 09:19:48.342314,2020-09-21 09:19:48.469194,Carhartt Men's Acrylic Watch Hat,Carhartt Sportswear - Mens,2,B002G9UDYG,AE7SSZYOT6UWUSBEJFS3K2RTRRTQ
265,AHSTMULFDFDGHF2EWAQ7ZYSPIAWQ,True,Good,It’s a good touque. Worth it,"March 5, 2020",R.N.,5.0,0,https://www.amazon.ca/gp/profile/amzn1.account.AHSTMULFDFDGHF2EWAQ7ZYSPIAWQ/ref=cm_cr_getr_d_gw_btm?ie=UTF8,2020-09-21 09:19:48.473098,2020-09-21 09:19:48.599002,Carhartt Men's Acrylic Watch Hat,Carhartt Sportswear - Mens,2,B002G9UDYG,AE7SSZYOT6UWUSBEJFS3K2RTRRTQ
266,AEPBL6PEA4DEZH3L6NZ4DZ4LOXBQ,True,Fits as expected,My sons said fits great color choices are great,"November 15, 2019",Rick,5.0,0,https://www.amazon.ca/gp/profile/amzn1.account.AEPBL6PEA4DEZH3L6NZ4DZ4LOXBQ/ref=cm_cr_getr_d_gw_btm?ie=UTF8,2020-09-21 09:19:48.602906,2020-09-21 09:19:48.726857,Carhartt Men's Acrylic Watch Hat,Carhartt Sportswear - Mens,2,B002G9UDYG,AE7SSZYOT6UWUSBEJFS3K2RTRRTQ
267,AGCD27QUAQIBXG6DDC5P5QRQSAXQ,True,Warm and stylish,Awesome and stylish,"May 1, 2020",Danielle Constantine,5.0,0,https://www.amazon.ca/gp/profile/amzn1.account.AGCD27QUAQIBXG6DDC5P5QRQSAXQ/ref=cm_cr_getr_d_gw_btm?ie=UTF8,2020-09-21 09:19:48.731736,2020-09-21 09:19:48.857641,Carhartt Men's Acrylic Watch Hat,Carhartt Sportswear - Mens,2,B002G9UDYG,AE7SSZYOT6UWUSBEJFS3K2RTRRTQ
268,AHZS6HRFGPWP5MH3TLDRG6INSAJQ,True,Good,Good quality hat!,"May 14, 2020",NG,5.0,0,https://www.amazon.ca/gp/profile/amzn1.account.AHZS6HRFGPWP5MH3TLDRG6INSAJQ/ref=cm_cr_getr_d_gw_btm?ie=UTF8,2020-09-21 09:19:48.862547,2020-09-21 09:19:48.990376,Carhartt Men's Acrylic Watch Hat,Carhartt Sportswear - Mens,2,B002G9UDYG,AE7SSZYOT6UWUSBEJFS3K2RTRRTQ
269,AHVG77PK52GD4ZKIMNLNIOUE7UCQ,True,Great,We really like these hats. They are warm. Super stretchy. Nice colours. Very good price on Amazon.,"December 25, 2018",Lala,5.0,0,https://www.amazon.ca/gp/profile/amzn1.account.AHVG77PK52GD4ZKIMNLNIOUE7UCQ/ref=cm_cr_getr_d_gw_btm?ie=UTF8,2020-09-21 09:19:48.994280,2020-09-21 09:19:49.122136,Carhartt Men's Acrylic Watch Hat,Carhartt Sportswear - Mens,2,B002G9UDYG,AE7SSZYOT6UWUSBEJFS3K2RTRRTQ
270,AGCZST4L5CX3LP2PMIFHMSKBGLCQ,True,Hat,My boyfriends daughter loves it.,"January 25, 2020",Joanne Steinert,5.0,0,https://www.amazon.ca/gp/profile/amzn1.account.AGCZST4L5CX3LP2PMIFHMSKBGLCQ/ref=cm_cr_getr_d_gw_btm?ie=UTF8,2020-09-21 09:19:54.251040,2020-09-21 09:19:54.408174,Carhartt Men's Acrylic Watch Hat,Carhartt Sportswear - Mens,2,B002G9UDYG,AE7SSZYOT6UWUSBEJFS3K2RTRRTQ
271,AGBEPWHTYQ43EUBOMRBRSQDBTCJQ,True,"Warm and cozy, great buy for the price","Very warm hat, does get a bit itchy at times but goes away after you use it allot.","November 4, 2019",Amazon Customer,5.0,0,https://www.amazon.ca/gp/profile/amzn1.account.AGBEPWHTYQ43EUBOMRBRSQDBTCJQ/ref=cm_cr_getr_d_gw_btm?ie=UTF8,2020-09-21 09:19:54.413054,2020-09-21 09:19:54.538959,Carhartt Men's Acrylic Watch Hat,Carhartt Sportswear - Mens,2,B002G9UDYG,AE7SSZYOT6UWUSBEJFS3K2RTRRTQ
272,AFZIU7HOAZWMX3TZLS7ON4GIK7KA,True,Good,"Pretty standard beanie, nothing important to note, very tight when you first get it but it will stretch the more u wear it","March 30, 2019",AlexOrychock,5.0,0,https://www.amazon.ca/gp/profile/amzn1.account.AFZIU7HOAZWMX3TZLS7ON4GIK7KA/ref=cm_cr_getr_d_gw_btm?ie=UTF8,2020-09-21 09:19:54.543860,2020-09-21 09:19:54.669769,Carhartt Men's Acrylic Watch Hat,Carhartt Sportswear - Mens,2,B002G9UDYG,AE7SSZYOT6UWUSBEJFS3K2RTRRTQ
273,AG7EEZ5FNOBPGJEYYTKCST6J36BA,True,Good product!,Great for colder weather!,"May 26, 2020",Gabriel,5.0,0,https://www.amazon.ca/gp/profile/amzn1.account.AG7EEZ5FNOBPGJEYYTKCST6J36BA/ref=cm_cr_getr_d_gw_btm?ie=UTF8,2020-09-21 09:19:54.673645,2020-09-21 09:19:54.803453,Carhartt Men's Acrylic Watch Hat,Carhartt Sportswear - Mens,2,B002G9UDYG,AE7SSZYOT6UWUSBEJFS3K2RTRRTQ
274,AG73CO4ETWQGZYMXMDRAXB4KG23A,True,Great hat,Great hat,"May 1, 2020",Amazon Customer,5.0,0,https://www.amazon.ca/gp/profile/amzn1.account.AG73CO4ETWQGZYMXMDRAXB4KG23A/ref=cm_cr_getr_d_gw_btm?ie=UTF8,2020-09-21 09:19:54.808333,2020-09-21 09:19:54.932284,Carhartt Men's Acrylic Watch Hat,Carhartt Sportswear - Mens,2,B002G9UDYG,AE7SSZYOT6UWUSBEJFS3K2RTRRTQ
275,AEHBC2CIQ5OKQVDSAIYVHNV755FA,True,Warm and Fitted,Seems like made of good quality. It's very warm and fitted my head perfectly.,"February 20, 2020",KevinV,5.0,0,https://www.amazon.ca/gp/profile/amzn1.account.AEHBC2CIQ5OKQVDSAIYVHNV755FA/ref=cm_cr_getr_d_gw_btm?ie=UTF8,2020-09-21 09:19:54.937165,2020-09-21 09:19:55.064045,Carhartt Men's Acrylic Watch Hat,Carhartt Sportswear - Mens,2,B002G9UDYG,AE7SSZYOT6UWUSBEJFS3K2RTRRTQ
276,AGKBFS5HMVJZZABRWGR7CRBXYKYA,True,Great hat,Fits perfectly and really comfortable.,"November 26, 2019",Mr & Mrs J,5.0,0,https://www.amazon.ca/gp/profile/amzn1.account.AGKBFS5HMVJZZABRWGR7CRBXYKYA/ref=cm_cr_getr_d_gw_btm?ie=UTF8,2020-09-21 09:19:55.067949,2020-09-21 09:19:55.194853,Carhartt Men's Acrylic Watch Hat,Carhartt Sportswear - Mens,2,B002G9UDYG,AE7SSZYOT6UWUSBEJFS3K2RTRRTQ
277,AFJK2RAWF7ZYXCIRY4GJ4JZCUSWA,True,Sooo small for a men’s,Men’s? One size fits all? This hat is so small it would be perfect for a 5-10 year old boy or girl. Returning immediately.,"August 15, 2020",Mike,2.0,0,https://www.amazon.ca/gp/profile/amzn1.account.AFJK2RAWF7ZYXCIRY4GJ4JZCUSWA/ref=cm_cr_getr_d_gw_btm?ie=UTF8,2020-09-21 09:19:55.198732,2020-09-21 09:19:55.327564,Carhartt Men's Acrylic Watch Hat,Carhartt Sportswear - Mens,2,B002G9UDYG,AE7SSZYOT6UWUSBEJFS3K2RTRRTQ
278,AEQX75JDIQEY6TDTTQJD4OD6ERTQ,True,few months of wear and already has holes on top,My eleven year old wears this occasionally and it already had 2 holes on the top seem after only a few months,"January 26, 2020",Robyn,2.0,0,https://www.amazon.ca/gp/profile/amzn1.account.AEQX75JDIQEY6TDTTQJD4OD6ERTQ/ref=cm_cr_getr_d_gw_btm?ie=UTF8,2020-09-21 09:19:55.331467,2020-09-21 09:19:55.461276,Carhartt Men's Acrylic Watch Hat,Carhartt Sportswear - Mens,2,B002G9UDYG,AE7SSZYOT6UWUSBEJFS3K2RTRRTQ
279,AHO3UW4DRLR3TYTBLAEOM6VZS64A,True,Fits larger,Good material and delivery. Fits large,"January 7, 2020",Eddie Despres,5.0,0,https://www.amazon.ca/gp/profile/amzn1.account.AHO3UW4DRLR3TYTBLAEOM6VZS64A/ref=cm_cr_getr_d_gw_btm?ie=UTF8,2020-09-21 09:19:55.465179,2020-09-21 09:19:55.592117,Carhartt Men's Acrylic Watch Hat,Carhartt Sportswear - Mens,2,B002G9UDYG,AE7SSZYOT6UWUSBEJFS3K2RTRRTQ
280,AHOGUN422M4BYAUJPHMPNCQGQS6Q,True,Like it,Perfect,"July 5, 2020",C-Dawg,4.0,0,https://www.amazon.ca/gp/profile/amzn1.account.AHOGUN422M4BYAUJPHMPNCQGQS6Q/ref=cm_cr_getr_d_gw_btm?ie=UTF8,2020-09-21 09:19:58.711529,2020-09-21 09:19:58.848167,Carhartt Men's Acrylic Watch Hat,Carhartt Sportswear - Mens,2,B002G9UDYG,AE7SSZYOT6UWUSBEJFS3K2RTRRTQ
281,AGLWARMZA4UQ6POL7GA2XNDENSJQ,True,Comfortable & Warm,Great warm hat made in USA and it keeps me visible in the work sites,"October 26, 2019",Dylan oberlander,5.0,0,https://www.amazon.ca/gp/profile/amzn1.account.AGLWARMZA4UQ6POL7GA2XNDENSJQ/ref=cm_cr_getr_d_gw_btm?ie=UTF8,2020-09-21 09:19:58.853048,2020-09-21 09:19:58.979994,Carhartt Men's Acrylic Watch Hat,Carhartt Sportswear - Mens,2,B002G9UDYG,AE7SSZYOT6UWUSBEJFS3K2RTRRTQ
282,AG73OYWHY7SEA2PG7BH36OID3AFA,True,Great,Comfy and warm. Does fit on the large side though. But rather it be a bit big than to small,"November 27, 2018",Ryan ,5.0,0,https://www.amazon.ca/gp/profile/amzn1.account.AG73OYWHY7SEA2PG7BH36OID3AFA/ref=cm_cr_getr_d_gw_btm?ie=UTF8,2020-09-21 09:19:58.984875,2020-09-21 09:19:59.107848,Carhartt Men's Acrylic Watch Hat,Carhartt Sportswear - Mens,2,B002G9UDYG,AE7SSZYOT6UWUSBEJFS3K2RTRRTQ
283,AFZPNO6VIYDII6PU24OUMSJMSQZA,True,Design et couleur sympa,Look cool et protège bien au chaud.,"November 20, 2019",Jean-Luc,5.0,0,https://www.amazon.ca/gp/profile/amzn1.account.AFZPNO6VIYDII6PU24OUMSJMSQZA/ref=cm_cr_getr_d_gw_btm?ie=UTF8,2020-09-21 09:19:59.111753,2020-09-21 09:19:59.236705,Carhartt Men's Acrylic Watch Hat,Carhartt Sportswear - Mens,2,B002G9UDYG,AE7SSZYOT6UWUSBEJFS3K2RTRRTQ
284,AFIWALMZGWBUPMVHAXSXEXJAC2FA,True,fast shipping,the hat fits very well,"March 13, 2020",Donna Adamson,5.0,0,https://www.amazon.ca/gp/profile/amzn1.account.AFIWALMZGWBUPMVHAXSXEXJAC2FA/ref=cm_cr_getr_d_gw_btm?ie=UTF8,2020-09-21 09:19:59.240583,2020-09-21 09:19:59.364569,Carhartt Men's Acrylic Watch Hat,Carhartt Sportswear - Mens,2,B002G9UDYG,AE7SSZYOT6UWUSBEJFS3K2RTRRTQ
285,AF4KGLH6L3GMO5I7IX42OKL3PYCQ,True,Perfect to walk the dog!,This toque is super warm. I’ve used it during a few snow storms to walk the dog and it’s been perfect!,"January 1, 2020",Andrea,5.0,0,https://www.amazon.ca/gp/profile/amzn1.account.AF4KGLH6L3GMO5I7IX42OKL3PYCQ/ref=cm_cr_getr_d_gw_btm?ie=UTF8,2020-09-21 09:19:59.369449,2020-09-21 09:19:59.494414,Carhartt Men's Acrylic Watch Hat,Carhartt Sportswear - Mens,2,B002G9UDYG,AE7SSZYOT6UWUSBEJFS3K2RTRRTQ
286,AHZWD6OU7HIXMBZP3GUUXMZSXE7A,True,On the more snugger side,Nice hats but snug fitting. Very warm.,"October 23, 2019",Flowerchild,5.0,0,https://www.amazon.ca/gp/profile/amzn1.account.AHZWD6OU7HIXMBZP3GUUXMZSXE7A/ref=cm_cr_getr_d_gw_btm?ie=UTF8,2020-09-21 09:19:59.498318,2020-09-21 09:19:59.625197,Carhartt Men's Acrylic Watch Hat,Carhartt Sportswear - Mens,2,B002G9UDYG,AE7SSZYOT6UWUSBEJFS3K2RTRRTQ
287,AGZDRCIFEHYRGZNBJA3COCS4A27A,True,Nice and warm,So nice and warm but fits a bit funny. Slides upwards and have to pull it down.,"December 6, 2019",Lisa Innes,5.0,0,https://www.amazon.ca/gp/profile/amzn1.account.AGZDRCIFEHYRGZNBJA3COCS4A27A/ref=cm_cr_getr_d_gw_btm?ie=UTF8,2020-09-21 09:19:59.629100,2020-09-21 09:19:59.755048,Carhartt Men's Acrylic Watch Hat,Carhartt Sportswear - Mens,2,B002G9UDYG,AE7SSZYOT6UWUSBEJFS3K2RTRRTQ
288,AFBBCPW4ND6RLOIDVZAC3ITUZXYA,True,Nice Hat!,"Nice color, Nice hat, Great shipping!","December 18, 2019",Amazon Customer,5.0,0,https://www.amazon.ca/gp/profile/amzn1.account.AFBBCPW4ND6RLOIDVZAC3ITUZXYA/ref=cm_cr_getr_d_gw_btm?ie=UTF8,2020-09-21 09:19:59.758951,2020-09-21 09:19:59.884893,Carhartt Men's Acrylic Watch Hat,Carhartt Sportswear - Mens,2,B002G9UDYG,AE7SSZYOT6UWUSBEJFS3K2RTRRTQ
289,AF52YZ3RCUGNNQUPKS4AJBJBUSMQ,True,I love how it was not stitch-folded,A great product. Im so happy I purchased it. I got it way faster than I thought. Perfect for cold weather.,"November 5, 2019",kiki,5.0,0,https://www.amazon.ca/gp/profile/amzn1.account.AF52YZ3RCUGNNQUPKS4AJBJBUSMQ/ref=cm_cr_getr_d_gw_btm?ie=UTF8,2020-09-21 09:19:59.888797,2020-09-21 09:20:00.027394,Carhartt Men's Acrylic Watch Hat,Carhartt Sportswear - Mens,2,B002G9UDYG,AE7SSZYOT6UWUSBEJFS3K2RTRRTQ
290,AFPR4OSN6ZHIQLI2UCDK3BFODGIQ,True,Love,Love,"July 20, 2020",shannon fillis,5.0,0,https://www.amazon.ca/gp/profile/amzn1.account.AFPR4OSN6ZHIQLI2UCDK3BFODGIQ/ref=cm_cr_getr_d_gw_btm?ie=UTF8,2020-09-21 09:20:03.170375,2020-09-21 09:20:03.321652,Carhartt Men's Acrylic Watch Hat,Carhartt Sportswear - Mens,2,B002G9UDYG,AE7SSZYOT6UWUSBEJFS3K2RTRRTQ
291,AFCVLVSO7CJG4HYLB6QIQ4BW22NQ,True,Great quality as per normal with Carhartt,"Love this hat and colour, wanted one for awhile and very happy with my purchase.","January 5, 2019",Kaylasaurus ,5.0,0,https://www.amazon.ca/gp/profile/amzn1.account.AFCVLVSO7CJG4HYLB6QIQ4BW22NQ/ref=cm_cr_getr_d_gw_btm?ie=UTF8,2020-09-21 09:20:03.325557,2020-09-21 09:20:03.448533,Carhartt Men's Acrylic Watch Hat,Carhartt Sportswear - Mens,2,B002G9UDYG,AE7SSZYOT6UWUSBEJFS3K2RTRRTQ
292,AGRBRDQRC3D2YWRWGSFA76LWLKYA,True,Nice quality,"Two tone brown and tan, nice material.","November 2, 2019",Marilyn Gabura,5.0,0,https://www.amazon.ca/gp/profile/amzn1.account.AGRBRDQRC3D2YWRWGSFA76LWLKYA/ref=cm_cr_getr_d_gw_btm?ie=UTF8,2020-09-21 09:20:03.453437,2020-09-21 09:20:03.577364,Carhartt Men's Acrylic Watch Hat,Carhartt Sportswear - Mens,2,B002G9UDYG,AE7SSZYOT6UWUSBEJFS3K2RTRRTQ
293,AFTPSPOYID6XIFLJK43VT34UE24A,True,Love it,Bought this for my husband (and one for my newborn to match). Great quality for the price and looks super cute,"December 5, 2019",Tara S,5.0,0,https://www.amazon.ca/gp/profile/amzn1.account.AFTPSPOYID6XIFLJK43VT34UE24A/ref=cm_cr_getr_d_gw_btm?ie=UTF8,2020-09-21 09:20:03.581267,2020-09-21 09:20:03.709168,Carhartt Men's Acrylic Watch Hat,Carhartt Sportswear - Mens,2,B002G9UDYG,AE7SSZYOT6UWUSBEJFS3K2RTRRTQ
294,AGJP5XEKUTQBQQR45MXFJHEDBZ2A,True,I love my new hat!!!!!,The colour is nice and the quality is really good for the price. If you’re going to purchase a beanie make sure to get this bright orange one its so pretty!,"December 30, 2019",Z,5.0,0,https://www.amazon.ca/gp/profile/amzn1.account.AGJP5XEKUTQBQQR45MXFJHEDBZ2A/ref=cm_cr_getr_d_gw_btm?ie=UTF8,2020-09-21 09:20:03.714073,2020-09-21 09:20:03.839952,Carhartt Men's Acrylic Watch Hat,Carhartt Sportswear - Mens,2,B002G9UDYG,AE7SSZYOT6UWUSBEJFS3K2RTRRTQ
295,AERKFAF7C7ITGUXWRDEZ5BZIFXWA,True,Good quality,Comfortable winter hat,"March 6, 2020",Bessy,5.0,0,https://www.amazon.ca/gp/profile/amzn1.account.AERKFAF7C7ITGUXWRDEZ5BZIFXWA/ref=cm_cr_getr_d_gw_btm?ie=UTF8,2020-09-21 09:20:03.842880,2020-09-21 09:20:03.969759,Carhartt Men's Acrylic Watch Hat,Carhartt Sportswear - Mens,2,B002G9UDYG,AE7SSZYOT6UWUSBEJFS3K2RTRRTQ
296,AHTTBB5RIRTPD6IIOCSTJWUTKOOQ,True,"Larger fit, lighter material weight",Thinner material than I was expected compared against my other Carhartt toque ordered from Carhartt. Slightly taller as well and will probably have some “sag” on the top.,"January 3, 2019",Aframeorbust,3.0,0,https://www.amazon.ca/gp/profile/amzn1.account.AHTTBB5RIRTPD6IIOCSTJWUTKOOQ/ref=cm_cr_getr_d_gw_btm?ie=UTF8,2020-09-21 09:20:03.973663,2020-09-21 09:20:04.097615,Carhartt Men's Acrylic Watch Hat,Carhartt Sportswear - Mens,2,B002G9UDYG,AE7SSZYOT6UWUSBEJFS3K2RTRRTQ
297,AGNOSRSA5EZRCTZYDUIVBNEHVS4A,True,Great hat,"Hat is perfect, it's a little long has a slouchy fit at the top","November 27, 2019",Amazon Customer,5.0,0,https://www.amazon.ca/gp/profile/amzn1.account.AGNOSRSA5EZRCTZYDUIVBNEHVS4A/ref=cm_cr_getr_d_gw_btm?ie=UTF8,2020-09-21 09:20:04.100544,2020-09-21 09:20:04.226447,Carhartt Men's Acrylic Watch Hat,Carhartt Sportswear - Mens,2,B002G9UDYG,AE7SSZYOT6UWUSBEJFS3K2RTRRTQ
298,AHJXZ5ZGGZ2QMI5WUIHHAUABRQCQ,True,Great hat!,"Great hat! Bought for my husband to wear to work. (he works outside, in Canada, I the winter lol) He prefers it all the time now!","January 31, 2019",April Miner,5.0,0,https://www.amazon.ca/gp/profile/amzn1.account.AHJXZ5ZGGZ2QMI5WUIHHAUABRQCQ/ref=cm_cr_getr_d_gw_btm?ie=UTF8,2020-09-21 09:20:04.230352,2020-09-21 09:20:04.357231,Carhartt Men's Acrylic Watch Hat,Carhartt Sportswear - Mens,2,B002G9UDYG,AE7SSZYOT6UWUSBEJFS3K2RTRRTQ
299,AHFRUWEITZDYXSOH6LYSOQ4WNH2A,True,Quality,Great quality material a bit tight so make sure you order a size up.,"December 3, 2019",Amazonian,5.0,0,https://www.amazon.ca/gp/profile/amzn1.account.AHFRUWEITZDYXSOH6LYSOQ4WNH2A/ref=cm_cr_getr_d_gw_btm?ie=UTF8,2020-09-21 09:20:04.361135,2020-09-21 09:20:04.487080,Carhartt Men's Acrylic Watch Hat,Carhartt Sportswear - Mens,2,B002G9UDYG,AE7SSZYOT6UWUSBEJFS3K2RTRRTQ
300,AHJPWKPO3JUWPZP66M32ESNICF4A,True,Swagged Out Hat,Best hat I ever bought. This thing fits like a glove even though it's a hat.,"December 24, 2017",Jimmy LaFleur,5.0,One,https://www.amazon.ca/gp/profile/amzn1.account.AHJPWKPO3JUWPZP66M32ESNICF4A/ref=cm_cr_getr_d_gw_btm?ie=UTF8,2020-09-21 09:20:07.605441,2020-09-21 09:20:07.760622,Carhartt Men's Acrylic Watch Hat,Carhartt Sportswear - Mens,2,B002G9UDYG,AE7SSZYOT6UWUSBEJFS3K2RTRRTQ
301,AGR4MD2BEY5JMRPA5PSBMDNLVP7A,True,Great Quality,"a great quality hat for a cheap price, definitely worth the buy!","November 22, 2019",Michaela Matschke,5.0,0,https://www.amazon.ca/gp/profile/amzn1.account.AGR4MD2BEY5JMRPA5PSBMDNLVP7A/ref=cm_cr_getr_d_gw_btm?ie=UTF8,2020-09-21 09:20:07.764526,2020-09-21 09:20:07.889454,Carhartt Men's Acrylic Watch Hat,Carhartt Sportswear - Mens,2,B002G9UDYG,AE7SSZYOT6UWUSBEJFS3K2RTRRTQ
302,AETR3UM5HZN5OKSGWPQXO5A7EHHA,True,A bit small,Tons of space in this thing height wise but I have a small head and I find it tight,"November 9, 2018",Patrick Lawrence,4.0,0,https://www.amazon.ca/gp/profile/amzn1.account.AETR3UM5HZN5OKSGWPQXO5A7EHHA/ref=cm_cr_getr_d_gw_btm?ie=UTF8,2020-09-21 09:20:07.894334,2020-09-21 09:20:08.024141,Carhartt Men's Acrylic Watch Hat,Carhartt Sportswear - Mens,2,B002G9UDYG,AE7SSZYOT6UWUSBEJFS3K2RTRRTQ
303,AE2TQXOTDSGMLUNJTG6S5PD2JABA,True,great quality for price; warm hat!,"it's a warm hat, and real Carhartt. However this 1 did stretch, I also purchased the TV static and it hasn't seemed to have strechted as much.","February 14, 2019",CAMI,4.0,0,https://www.amazon.ca/gp/profile/amzn1.account.AE2TQXOTDSGMLUNJTG6S5PD2JABA/ref=cm_cr_getr_d_gw_btm?ie=UTF8,2020-09-21 09:20:08.028046,2020-09-21 09:20:08.154925,Carhartt Men's Acrylic Watch Hat,Carhartt Sportswear - Mens,2,B002G9UDYG,AE7SSZYOT6UWUSBEJFS3K2RTRRTQ
304,AFD3EFXZQEGRDCUBMQ2ZG4PPWGFA,True,Comfy and soft,Super soft and the fit is amazing,"November 18, 2019",Emily,5.0,0,https://www.amazon.ca/gp/profile/amzn1.account.AFD3EFXZQEGRDCUBMQ2ZG4PPWGFA/ref=cm_cr_getr_d_gw_btm?ie=UTF8,2020-09-21 09:20:08.158829,2020-09-21 09:20:08.285709,Carhartt Men's Acrylic Watch Hat,Carhartt Sportswear - Mens,2,B002G9UDYG,AE7SSZYOT6UWUSBEJFS3K2RTRRTQ
305,AHCLQ5XBJMZMDUYXQZLNVOTATW3Q,True,Large head? Too small!,"If you consider yourself to have a large head, this will stretch, but not comfortably...","November 9, 2018",Joseph,1.0,0,https://www.amazon.ca/gp/profile/amzn1.account.AHCLQ5XBJMZMDUYXQZLNVOTATW3Q/ref=cm_cr_getr_d_gw_btm?ie=UTF8,2020-09-21 09:20:08.289612,2020-09-21 09:20:08.418446,Carhartt Men's Acrylic Watch Hat,Carhartt Sportswear - Mens,2,B002G9UDYG,AE7SSZYOT6UWUSBEJFS3K2RTRRTQ
306,AEVPVGRVH6C25CYB7LAJ7PZVFEQQ,True,love it!,Great Carhartt quality !,"February 17, 2020",Nathan Schroeder,5.0,0,https://www.amazon.ca/gp/profile/amzn1.account.AEVPVGRVH6C25CYB7LAJ7PZVFEQQ/ref=cm_cr_getr_d_gw_btm?ie=UTF8,2020-09-21 09:20:08.423325,2020-09-21 09:20:08.550205,Carhartt Men's Acrylic Watch Hat,Carhartt Sportswear - Mens,2,B002G9UDYG,AE7SSZYOT6UWUSBEJFS3K2RTRRTQ
307,AHYIKYKPYZEJZXPHIEFWXWE75UYA,True,Stylish,Great item warm and stylish,"December 20, 2019",Travis Claeys,5.0,0,https://www.amazon.ca/gp/profile/amzn1.account.AHYIKYKPYZEJZXPHIEFWXWE75UYA/ref=cm_cr_getr_d_gw_btm?ie=UTF8,2020-09-21 09:20:08.555085,2020-09-21 09:20:08.680013,Carhartt Men's Acrylic Watch Hat,Carhartt Sportswear - Mens,2,B002G9UDYG,AE7SSZYOT6UWUSBEJFS3K2RTRRTQ
308,AGACDNMWH4633X7QRUG5CJBHDVIA,True,Great quality,My some likes these hats.,"January 2, 2020",Amazon Customer,5.0,0,https://www.amazon.ca/gp/profile/amzn1.account.AGACDNMWH4633X7QRUG5CJBHDVIA/ref=cm_cr_getr_d_gw_btm?ie=UTF8,2020-09-21 09:20:08.684892,2020-09-21 09:20:08.816684,Carhartt Men's Acrylic Watch Hat,Carhartt Sportswear - Mens,2,B002G9UDYG,AE7SSZYOT6UWUSBEJFS3K2RTRRTQ
309,AGK2P66PJ4U5J2A4HO7MDGEAFBAA,True,New favorite hat,"Warm, fits well. No complaints.","December 30, 2019",Amazon Customer,5.0,0,https://www.amazon.ca/gp/profile/amzn1.account.AGK2P66PJ4U5J2A4HO7MDGEAFBAA/ref=cm_cr_getr_d_gw_btm?ie=UTF8,2020-09-21 09:20:08.821564,2020-09-21 09:20:08.948444,Carhartt Men's Acrylic Watch Hat,Carhartt Sportswear - Mens,2,B002G9UDYG,AE7SSZYOT6UWUSBEJFS3K2RTRRTQ
310,AEBN43JOAC2533WFPEVXR255TTFA,True,Very warm,"It’s a bit large, but very warm.","January 4, 2020",G. Raymond,5.0,0,https://www.amazon.ca/gp/profile/amzn1.account.AEBN43JOAC2533WFPEVXR255TTFA/ref=cm_cr_getr_d_gw_btm?ie=UTF8,2020-09-21 09:20:12.080946,2020-09-21 09:20:12.276145,Carhartt Men's Acrylic Watch Hat,Carhartt Sportswear - Mens,2,B002G9UDYG,AE7SSZYOT6UWUSBEJFS3K2RTRRTQ
311,AG2V3KJ6Q4COPOOZOAAUIPOPCW6Q,True,Authentic,"As advertised, fits well.","January 8, 2020",Honest Reviewer,4.0,0,https://www.amazon.ca/gp/profile/amzn1.account.AG2V3KJ6Q4COPOOZOAAUIPOPCW6Q/ref=cm_cr_getr_d_gw_btm?ie=UTF8,2020-09-21 09:20:12.281026,2020-09-21 09:20:12.406929,Carhartt Men's Acrylic Watch Hat,Carhartt Sportswear - Mens,2,B002G9UDYG,AE7SSZYOT6UWUSBEJFS3K2RTRRTQ
312,AG44ZIU7FORTWBCZPFDKNLCIIB2A,True,Good fit,Arrived quick and fits good. Thank you,"November 27, 2019",nathan,5.0,0,https://www.amazon.ca/gp/profile/amzn1.account.AG44ZIU7FORTWBCZPFDKNLCIIB2A/ref=cm_cr_getr_d_gw_btm?ie=UTF8,2020-09-21 09:20:12.410833,2020-09-21 09:20:12.538688,Carhartt Men's Acrylic Watch Hat,Carhartt Sportswear - Mens,2,B002G9UDYG,AE7SSZYOT6UWUSBEJFS3K2RTRRTQ
313,AGDVLR6BVPBTE2633ZYECX4VDJDQ,True,Very warm and just looks cool.,Another well made product from Carhartt.,"September 12, 2019",Tim ,5.0,0,https://www.amazon.ca/gp/profile/amzn1.account.AGDVLR6BVPBTE2633ZYECX4VDJDQ/ref=cm_cr_getr_d_gw_btm?ie=UTF8,2020-09-21 09:20:12.542593,2020-09-21 09:20:12.671424,Carhartt Men's Acrylic Watch Hat,Carhartt Sportswear - Mens,2,B002G9UDYG,AE7SSZYOT6UWUSBEJFS3K2RTRRTQ
314,AEALRQTJFCOKJR3XB56QMJFV6N3Q,True,Great,Fits and looks awesome.,"January 11, 2020",bryanna,5.0,0,https://www.amazon.ca/gp/profile/amzn1.account.AEALRQTJFCOKJR3XB56QMJFV6N3Q/ref=cm_cr_getr_d_gw_btm?ie=UTF8,2020-09-21 09:20:12.675328,2020-09-21 09:20:12.804161,Carhartt Men's Acrylic Watch Hat,Carhartt Sportswear - Mens,2,B002G9UDYG,AE7SSZYOT6UWUSBEJFS3K2RTRRTQ
315,AHSEV5COLUT3UKVREZB3W4TOYFQA,True,TOO SMALL,TOO SMALL,"November 14, 2019",Bob Henderson,1.0,0,https://www.amazon.ca/gp/profile/amzn1.account.AHSEV5COLUT3UKVREZB3W4TOYFQA/ref=cm_cr_getr_d_gw_btm?ie=UTF8,2020-09-21 09:20:12.809040,2020-09-21 09:20:12.939824,Carhartt Men's Acrylic Watch Hat,Carhartt Sportswear - Mens,2,B002G9UDYG,AE7SSZYOT6UWUSBEJFS3K2RTRRTQ
316,AEZTGRFMYXJ3LCGI4UQMRQJIDWCA,True,Quality product!,Super cute toques. I bought two and both are really nice and my girls love them.,"December 19, 2019",MKCM,5.0,0,https://www.amazon.ca/gp/profile/amzn1.account.AEZTGRFMYXJ3LCGI4UQMRQJIDWCA/ref=cm_cr_getr_d_gw_btm?ie=UTF8,2020-09-21 09:20:12.944704,2020-09-21 09:20:13.087200,Carhartt Men's Acrylic Watch Hat,Carhartt Sportswear - Mens,2,B002G9UDYG,AE7SSZYOT6UWUSBEJFS3K2RTRRTQ
317,AF3YQZ4DVRTCYYWTOZRUGDRPVE3A,True,Pleased,Fits well and looks like picture,"October 27, 2019",TStum,4.0,0,https://www.amazon.ca/gp/profile/amzn1.account.AF3YQZ4DVRTCYYWTOZRUGDRPVE3A/ref=cm_cr_getr_d_gw_btm?ie=UTF8,2020-09-21 09:20:13.091103,2020-09-21 09:20:13.217983,Carhartt Men's Acrylic Watch Hat,Carhartt Sportswear - Mens,2,B002G9UDYG,AE7SSZYOT6UWUSBEJFS3K2RTRRTQ
318,AFLJZ3GZST2Y2R6QEQJ7Q7ODE6HA,True,Not all the same size,"Ordered 2 one fits bigger then the other colour for some reason but still fits, just a little tight.","January 27, 2019",michael p.,5.0,0,https://www.amazon.ca/gp/profile/amzn1.account.AFLJZ3GZST2Y2R6QEQJ7Q7ODE6HA/ref=cm_cr_getr_d_gw_btm?ie=UTF8,2020-09-21 09:20:13.222863,2020-09-21 09:20:13.352670,Carhartt Men's Acrylic Watch Hat,Carhartt Sportswear - Mens,2,B002G9UDYG,AE7SSZYOT6UWUSBEJFS3K2RTRRTQ
319,AHYNK3A6TDYJEIKNFA4MVD2DQCQA,True,Wrong colour,"I’m sure the hat is nice, but I ordered brown and I got the black one. I spent more money to get the brown one. Really disappointed because I wanted this to match my fiancé’s Carhartt jacket.","December 10, 2019",Stacy Rosien,1.0,0,https://www.amazon.ca/gp/profile/amzn1.account.AHYNK3A6TDYJEIKNFA4MVD2DQCQA/ref=cm_cr_getr_d_gw_btm?ie=UTF8,2020-09-21 09:20:13.356574,2020-09-21 09:20:13.497119,Carhartt Men's Acrylic Watch Hat,Carhartt Sportswear - Mens,2,B002G9UDYG,AE7SSZYOT6UWUSBEJFS3K2RTRRTQ
320,AEW33U5BKYQWKVXJ5HJXYQF5OLXQ,True,Looks good,For gift,"July 20, 2020",roadstar,3.0,0,https://www.amazon.ca/gp/profile/amzn1.account.AEW33U5BKYQWKVXJ5HJXYQF5OLXQ/ref=cm_cr_getr_d_gw_btm?ie=UTF8,2020-09-21 09:20:16.621981,2020-09-21 09:20:16.792729,Carhartt Men's Acrylic Watch Hat,Carhartt Sportswear - Mens,2,B002G9UDYG,AE7SSZYOT6UWUSBEJFS3K2RTRRTQ
321,AG7TNXHY5HYYMG4RSZXE6ZFY3ZIA,True,Good Quality/Authentic,"Authentic Carhartt , no doubt, highly recommended 👍👍👍","October 22, 2019",Clark,5.0,0,https://www.amazon.ca/gp/profile/amzn1.account.AG7TNXHY5HYYMG4RSZXE6ZFY3ZIA/ref=cm_cr_getr_d_gw_btm?ie=UTF8,2020-09-21 09:20:16.797608,2020-09-21 09:20:16.923513,Carhartt Men's Acrylic Watch Hat,Carhartt Sportswear - Mens,2,B002G9UDYG,AE7SSZYOT6UWUSBEJFS3K2RTRRTQ
322,AFSXATUBLGJ3K25CK7ZYQ65M4VUA,True,Great Value,"Great value, all good","January 10, 2020",Oscar,5.0,0,https://www.amazon.ca/gp/profile/amzn1.account.AFSXATUBLGJ3K25CK7ZYQ65M4VUA/ref=cm_cr_getr_d_gw_btm?ie=UTF8,2020-09-21 09:20:16.928417,2020-09-21 09:20:17.058200,Carhartt Men's Acrylic Watch Hat,Carhartt Sportswear - Mens,2,B002G9UDYG,AE7SSZYOT6UWUSBEJFS3K2RTRRTQ
323,AHALMPV5NZ5QHXTBSEWAFTACFCOQ,True,good quality good product,good quality good product,"December 10, 2019",ZeniTh,5.0,0,https://www.amazon.ca/gp/profile/amzn1.account.AHALMPV5NZ5QHXTBSEWAFTACFCOQ/ref=cm_cr_getr_d_gw_btm?ie=UTF8,2020-09-21 09:20:17.063080,2020-09-21 09:20:17.188984,Carhartt Men's Acrylic Watch Hat,Carhartt Sportswear - Mens,2,B002G9UDYG,AE7SSZYOT6UWUSBEJFS3K2RTRRTQ
324,AHWHHEGDMD2C4YZZ7TYWY4BUL5LA,True,Itchy,"Warm hat, kind of itchy though.","January 1, 2019",Lisa Elliott,4.0,0,https://www.amazon.ca/gp/profile/amzn1.account.AHWHHEGDMD2C4YZZ7TYWY4BUL5LA/ref=cm_cr_getr_d_gw_btm?ie=UTF8,2020-09-21 09:20:17.191912,2020-09-21 09:20:17.319769,Carhartt Men's Acrylic Watch Hat,Carhartt Sportswear - Mens,2,B002G9UDYG,AE7SSZYOT6UWUSBEJFS3K2RTRRTQ
325,AE4GGWT4E6YD2PCFLHMSH3GLSJEQ,True,Warm,Great product just as the brand suggests,"July 25, 2020",Tyler Barbieri,5.0,0,https://www.amazon.ca/gp/profile/amzn1.account.AE4GGWT4E6YD2PCFLHMSH3GLSJEQ/ref=cm_cr_getr_d_gw_btm?ie=UTF8,2020-09-21 09:20:17.323672,2020-09-21 09:20:17.454456,Carhartt Men's Acrylic Watch Hat,Carhartt Sportswear - Mens,2,B002G9UDYG,AE7SSZYOT6UWUSBEJFS3K2RTRRTQ
326,AFGBY4DFQHBIFVYECVIZBI3U3U7Q,True,very warm,very warm touque,"February 13, 2020",Deni Ricci,4.0,0,https://www.amazon.ca/gp/profile/amzn1.account.AFGBY4DFQHBIFVYECVIZBI3U3U7Q/ref=cm_cr_getr_d_gw_btm?ie=UTF8,2020-09-21 09:20:17.459335,2020-09-21 09:20:17.589199,Carhartt Men's Acrylic Watch Hat,Carhartt Sportswear - Mens,2,B002G9UDYG,AE7SSZYOT6UWUSBEJFS3K2RTRRTQ
327,AF3B4WK2CN6Q3DRBRI2RKVMYSTVA,True,Awesome touque!,keeps my head warm and doesen't have thinsulate in it so i don't sweat to death when i am working outside.,"February 9, 2018",Knucklebone,5.0,0,https://www.amazon.ca/gp/profile/amzn1.account.AF3B4WK2CN6Q3DRBRI2RKVMYSTVA/ref=cm_cr_getr_d_gw_btm?ie=UTF8,2020-09-21 09:20:17.594103,2020-09-21 09:20:17.722909,Carhartt Men's Acrylic Watch Hat,Carhartt Sportswear - Mens,2,B002G9UDYG,AE7SSZYOT6UWUSBEJFS3K2RTRRTQ
328,AHPXF2XKVIPJTRVM3MF2LFP2DU5A,True,Great winter hat,"Fit well, pulls down nicely over my ears & warm. Will definitely purchase another when I wear out this one!","November 12, 2018",Shane,5.0,0,https://www.amazon.ca/gp/profile/amzn1.account.AHPXF2XKVIPJTRVM3MF2LFP2DU5A/ref=cm_cr_getr_d_gw_btm?ie=UTF8,2020-09-21 09:20:17.725837,2020-09-21 09:20:17.857597,Carhartt Men's Acrylic Watch Hat,Carhartt Sportswear - Mens,2,B002G9UDYG,AE7SSZYOT6UWUSBEJFS3K2RTRRTQ
329,AENDROKGSZFN575WCLJ3HISHHLMQ,True,It's a pretty large hat,"It's a pretty large hat, which is good for my pretty large head. Warm enough, good enough for most winter days. Ordered dark green, but the colour came out some kind of off gray.","March 18, 2018",Ross,4.0,0,https://www.amazon.ca/gp/profile/amzn1.account.AENDROKGSZFN575WCLJ3HISHHLMQ/ref=cm_cr_getr_d_gw_btm?ie=UTF8,2020-09-21 09:20:17.861501,2020-09-21 09:20:17.991309,Carhartt Men's Acrylic Watch Hat,Carhartt Sportswear - Mens,2,B002G9UDYG,AE7SSZYOT6UWUSBEJFS3K2RTRRTQ
330,AG2J2RYWLXQZ7HB6TC3DBDD3QE4Q,True,Hat,Fits very nicely,"January 30, 2020",Erick V,5.0,0,https://www.amazon.ca/gp/profile/amzn1.account.AG2J2RYWLXQZ7HB6TC3DBDD3QE4Q/ref=cm_cr_getr_d_gw_btm?ie=UTF8,2020-09-21 09:20:20.122281,2020-09-21 09:20:20.301863,Carhartt Men's Acrylic Watch Hat,Carhartt Sportswear - Mens,2,B002G9UDYG,AE7SSZYOT6UWUSBEJFS3K2RTRRTQ
331,AGAVP525PBRALPAUVN7GG4AUPDEQ,True,Great quality,Great toque. Fits my husband’s head perfectly and he says it’s comfortable,"January 16, 2019",Ashley Whitelaw,5.0,0,https://www.amazon.ca/gp/profile/amzn1.account.AGAVP525PBRALPAUVN7GG4AUPDEQ/ref=cm_cr_getr_d_gw_btm?ie=UTF8,2020-09-21 09:20:20.306743,2020-09-21 09:20:20.434627,Carhartt Men's Acrylic Watch Hat,Carhartt Sportswear - Mens,2,B002G9UDYG,AE7SSZYOT6UWUSBEJFS3K2RTRRTQ
332,AEUQSSTKZU6EHKBDY3LDLILBVZAA,True,Wicked buy!,Great product! Fits great!,"November 16, 2019",Amazon Customer,5.0,0,https://www.amazon.ca/gp/profile/amzn1.account.AEUQSSTKZU6EHKBDY3LDLILBVZAA/ref=cm_cr_getr_d_gw_btm?ie=UTF8,2020-09-21 09:20:20.438503,2020-09-21 09:20:20.570262,Carhartt Men's Acrylic Watch Hat,Carhartt Sportswear - Mens,2,B002G9UDYG,AE7SSZYOT6UWUSBEJFS3K2RTRRTQ
333,AECLDDXG3R3SQTFNXNZCJCQZQJMQ,True,Great,Great,"April 22, 2020",Elizabeth Silicani,5.0,0,https://www.amazon.ca/gp/profile/amzn1.account.AECLDDXG3R3SQTFNXNZCJCQZQJMQ/ref=cm_cr_getr_d_gw_btm?ie=UTF8,2020-09-21 09:20:20.574166,2020-09-21 09:20:20.701046,Carhartt Men's Acrylic Watch Hat,Carhartt Sportswear - Mens,2,B002G9UDYG,AE7SSZYOT6UWUSBEJFS3K2RTRRTQ
334,AHERNDMVB57YTZKH4MY5AT4DO6NQ,True,Great,Great quality and fits nicely,"October 22, 2019",Sara,5.0,0,https://www.amazon.ca/gp/profile/amzn1.account.AHERNDMVB57YTZKH4MY5AT4DO6NQ/ref=cm_cr_getr_d_gw_btm?ie=UTF8,2020-09-21 09:20:20.704950,2020-09-21 09:20:20.838662,Carhartt Men's Acrylic Watch Hat,Carhartt Sportswear - Mens,2,B002G9UDYG,AE7SSZYOT6UWUSBEJFS3K2RTRRTQ
335,AHNYL6E7LYD4CW7SOIYKOJYB3KFQ,True,Perfect,fits nice and snug love it,"November 8, 2019",Kendra,5.0,0,https://www.amazon.ca/gp/profile/amzn1.account.AHNYL6E7LYD4CW7SOIYKOJYB3KFQ/ref=cm_cr_getr_d_gw_btm?ie=UTF8,2020-09-21 09:20:20.842566,2020-09-21 09:20:20.976318,Carhartt Men's Acrylic Watch Hat,Carhartt Sportswear - Mens,2,B002G9UDYG,AE7SSZYOT6UWUSBEJFS3K2RTRRTQ
336,AHHBS33WTLNUUOPDBTK25OTYT6YA,True,Love it,Looks awesome great product,"February 16, 2020",Deets ,5.0,0,https://www.amazon.ca/gp/profile/amzn1.account.AHHBS33WTLNUUOPDBTK25OTYT6YA/ref=cm_cr_getr_d_gw_btm?ie=UTF8,2020-09-21 09:20:20.981199,2020-09-21 09:20:21.108078,Carhartt Men's Acrylic Watch Hat,Carhartt Sportswear - Mens,2,B002G9UDYG,AE7SSZYOT6UWUSBEJFS3K2RTRRTQ
337,AFNKTYAE2QGJVBPVUAV6SOVWPGBA,True,Great quality and looks,Bought them for my 14 year old daughter. For some reason it's a trend lol but she really loves them!,"January 9, 2020",Frapps,5.0,0,https://www.amazon.ca/gp/profile/amzn1.account.AFNKTYAE2QGJVBPVUAV6SOVWPGBA/ref=cm_cr_getr_d_gw_btm?ie=UTF8,2020-09-21 09:20:21.112958,2020-09-21 09:20:21.240917,Carhartt Men's Acrylic Watch Hat,Carhartt Sportswear - Mens,2,B002G9UDYG,AE7SSZYOT6UWUSBEJFS3K2RTRRTQ
338,AF5KT7MW7FWW3FAB3QTJIWJXUK2A,True,super beau,"bien ajuste , confortable et chaud.","January 10, 2020",rene st pierre,5.0,0,https://www.amazon.ca/gp/profile/amzn1.account.AF5KT7MW7FWW3FAB3QTJIWJXUK2A/ref=cm_cr_getr_d_gw_btm?ie=UTF8,2020-09-21 09:20:21.244821,2020-09-21 09:20:21.374628,Carhartt Men's Acrylic Watch Hat,Carhartt Sportswear - Mens,2,B002G9UDYG,AE7SSZYOT6UWUSBEJFS3K2RTRRTQ
339,AF6GZYDRPRH7YXGTTGLEEJHPHT7Q,True,great hat**love it,great hat**love it,"December 30, 2019",Heather L.,5.0,0,https://www.amazon.ca/gp/profile/amzn1.account.AF6GZYDRPRH7YXGTTGLEEJHPHT7Q/ref=cm_cr_getr_d_gw_btm?ie=UTF8,2020-09-21 09:20:21.378531,2020-09-21 09:20:21.507364,Carhartt Men's Acrylic Watch Hat,Carhartt Sportswear - Mens,2,B002G9UDYG,AE7SSZYOT6UWUSBEJFS3K2RTRRTQ
340,AG5RKRESR3NMBIDL2UXLC5T6TZEA,True,Looks good and great quality,Love the colour and looks great. Good quality.,"October 17, 2019",michellemac,5.0,0,https://www.amazon.ca/gp/profile/amzn1.account.AG5RKRESR3NMBIDL2UXLC5T6TZEA/ref=cm_cr_getr_d_gw_btm?ie=UTF8,2020-09-21 09:20:25.645820,2020-09-21 09:20:25.794172,Carhartt Men's Acrylic Watch Hat,Carhartt Sportswear - Mens,2,B002G9UDYG,AE7SSZYOT6UWUSBEJFS3K2RTRRTQ
341,AGMLTQX5GOGE3TISYW3KL2Z3YKPQ,True,its carhart,nice warm comfortable toque,"November 2, 2019",Bradley,5.0,0,https://www.amazon.ca/gp/profile/amzn1.account.AGMLTQX5GOGE3TISYW3KL2Z3YKPQ/ref=cm_cr_getr_d_gw_btm?ie=UTF8,2020-09-21 09:20:25.798075,2020-09-21 09:20:25.927883,Carhartt Men's Acrylic Watch Hat,Carhartt Sportswear - Mens,2,B002G9UDYG,AE7SSZYOT6UWUSBEJFS3K2RTRRTQ
342,AGFURM4KUD2O4O2J4KITVZC4F2GQ,True,Great fit,Very bright orange great for in the woods during hunting season. Fits well and warm.,"January 4, 2020",Russell,5.0,0,https://www.amazon.ca/gp/profile/amzn1.account.AGFURM4KUD2O4O2J4KITVZC4F2GQ/ref=cm_cr_getr_d_gw_btm?ie=UTF8,2020-09-21 09:20:25.932763,2020-09-21 09:20:26.061594,Carhartt Men's Acrylic Watch Hat,Carhartt Sportswear - Mens,2,B002G9UDYG,AE7SSZYOT6UWUSBEJFS3K2RTRRTQ
343,AEZ4S5HIKMWYFG5DR2JQRSPYBPJQ,True,Keeps you warm,Good,"July 3, 2020",Canadian,4.0,0,https://www.amazon.ca/gp/profile/amzn1.account.AEZ4S5HIKMWYFG5DR2JQRSPYBPJQ/ref=cm_cr_getr_d_gw_btm?ie=UTF8,2020-09-21 09:20:26.066474,2020-09-21 09:20:26.194330,Carhartt Men's Acrylic Watch Hat,Carhartt Sportswear - Mens,2,B002G9UDYG,AE7SSZYOT6UWUSBEJFS3K2RTRRTQ
344,AGJGKGLMYWQTYYZIQPM3HCWVX2FQ,True,"Great hat, great price",Great price for a quality toque!,"January 12, 2020",E. E. B.,5.0,0,https://www.amazon.ca/gp/profile/amzn1.account.AGJGKGLMYWQTYYZIQPM3HCWVX2FQ/ref=cm_cr_getr_d_gw_btm?ie=UTF8,2020-09-21 09:20:26.198233,2020-09-21 09:20:26.326091,Carhartt Men's Acrylic Watch Hat,Carhartt Sportswear - Mens,2,B002G9UDYG,AE7SSZYOT6UWUSBEJFS3K2RTRRTQ
345,AH3OZ6N6GGQAVQS3GEJSGUKRFYYQ,True,couleur,tres voyant en forest,"November 22, 2019",serge pilon,5.0,0,https://www.amazon.ca/gp/profile/amzn1.account.AH3OZ6N6GGQAVQS3GEJSGUKRFYYQ/ref=cm_cr_getr_d_gw_btm?ie=UTF8,2020-09-21 09:20:26.330971,2020-09-21 09:20:26.463707,Carhartt Men's Acrylic Watch Hat,Carhartt Sportswear - Mens,2,B002G9UDYG,AE7SSZYOT6UWUSBEJFS3K2RTRRTQ
346,AHV3BIKFT47ZMUWFOWPZMOYJNROA,True,Fits perfect,I gave it to my daughter for xmas and she loved it.,"January 29, 2020",tiffany r rondeau,5.0,0,https://www.amazon.ca/gp/profile/amzn1.account.AHV3BIKFT47ZMUWFOWPZMOYJNROA/ref=cm_cr_getr_d_gw_btm?ie=UTF8,2020-09-21 09:20:26.468586,2020-09-21 09:20:26.599368,Carhartt Men's Acrylic Watch Hat,Carhartt Sportswear - Mens,2,B002G9UDYG,AE7SSZYOT6UWUSBEJFS3K2RTRRTQ
347,AEJN4YHGO7HHJJWRKREVCAHPET4A,True,Three Stars,Not dark green -- more of a very deep grey with grey undertones.,"January 20, 2018",catmom,3.0,One,https://www.amazon.ca/gp/profile/amzn1.account.AEJN4YHGO7HHJJWRKREVCAHPET4A/ref=cm_cr_getr_d_gw_btm?ie=UTF8,2020-09-21 09:20:26.604249,2020-09-21 09:20:26.736009,Carhartt Men's Acrylic Watch Hat,Carhartt Sportswear - Mens,2,B002G9UDYG,AE7SSZYOT6UWUSBEJFS3K2RTRRTQ
348,AGVTFVSESQFR6J5CZSH4ZQABNREQ,True,Awesome!,Great fit and quality.,"November 16, 2019",Janelle Deveaux,5.0,0,https://www.amazon.ca/gp/profile/amzn1.account.AGVTFVSESQFR6J5CZSH4ZQABNREQ/ref=cm_cr_getr_d_gw_btm?ie=UTF8,2020-09-21 09:20:26.740889,2020-09-21 09:20:26.876553,Carhartt Men's Acrylic Watch Hat,Carhartt Sportswear - Mens,2,B002G9UDYG,AE7SSZYOT6UWUSBEJFS3K2RTRRTQ
349,AGVVJEC76ABW7CXBXAOQNRS64RNA,True,Cute,As expected,"January 29, 2020",Amanda Ingram,4.0,0,https://www.amazon.ca/gp/profile/amzn1.account.AGVVJEC76ABW7CXBXAOQNRS64RNA/ref=cm_cr_getr_d_gw_btm?ie=UTF8,2020-09-21 09:20:26.881433,2020-09-21 09:20:27.013230,Carhartt Men's Acrylic Watch Hat,Carhartt Sportswear - Mens,2,B002G9UDYG,AE7SSZYOT6UWUSBEJFS3K2RTRRTQ
350,AFUTFKKNUAEWHVJCSIAML3HTUSSA,True,Cute & Cozy!,"Love it! So cute and so comfortable. Bought these for my fiance and I to share and we both love them! Warm, thick, and beautiful!","May 15, 2020",KassDoell,5.0,0,https://www.amazon.ca/gp/profile/amzn1.account.AFUTFKKNUAEWHVJCSIAML3HTUSSA/ref=cm_cr_getr_d_gw_btm?ie=UTF8,2020-09-21 09:20:31.136134,2020-09-21 09:20:31.273749,Carhartt Men's Acrylic Watch Hat,Carhartt Sportswear - Mens,2,B002G9UDYG,AE7SSZYOT6UWUSBEJFS3K2RTRRTQ
351,AEB327YGKEDLCRA7DUYJRGLWTYSA,True,Perfect,My fiancé loves it and says it fits very well. The large folded portion of the hat keeps his ears nice and warm.,"November 22, 2019",Amazon Customer,5.0,0,https://www.amazon.ca/gp/profile/amzn1.account.AEB327YGKEDLCRA7DUYJRGLWTYSA/ref=cm_cr_getr_d_gw_btm?ie=UTF8,2020-09-21 09:20:31.277653,2020-09-21 09:20:31.406486,Carhartt Men's Acrylic Watch Hat,Carhartt Sportswear - Mens,2,B002G9UDYG,AE7SSZYOT6UWUSBEJFS3K2RTRRTQ
352,AHOBMO7TH2KIEM5XE22BH7L522EQ,True,Great fit for teen,My daughter loves her hat!,"March 8, 2020",Angel Kikkert,4.0,0,https://www.amazon.ca/gp/profile/amzn1.account.AHOBMO7TH2KIEM5XE22BH7L522EQ/ref=cm_cr_getr_d_gw_btm?ie=UTF8,2020-09-21 09:20:31.410389,2020-09-21 09:20:31.540197,Carhartt Men's Acrylic Watch Hat,Carhartt Sportswear - Mens,2,B002G9UDYG,AE7SSZYOT6UWUSBEJFS3K2RTRRTQ
353,AEPM3RKYQC34UTAP6BCGLFWQFNVQ,True,Love it,It’s great. Good quality and love the colour,"August 15, 2020",K,5.0,0,https://www.amazon.ca/gp/profile/amzn1.account.AEPM3RKYQC34UTAP6BCGLFWQFNVQ/ref=cm_cr_getr_d_gw_btm?ie=UTF8,2020-09-21 09:20:31.545077,2020-09-21 09:20:31.676838,Carhartt Men's Acrylic Watch Hat,Carhartt Sportswear - Mens,2,B002G9UDYG,AE7SSZYOT6UWUSBEJFS3K2RTRRTQ
354,AH5PCSNRAFWD5LH5RDKZEHRNKZHA,True,Like it,Good quality very happy with it. Might buy a few more in other colors.,"October 10, 2018",Connie Kolthof,4.0,0,https://www.amazon.ca/gp/profile/amzn1.account.AH5PCSNRAFWD5LH5RDKZEHRNKZHA/ref=cm_cr_getr_d_gw_btm?ie=UTF8,2020-09-21 09:20:31.681716,2020-09-21 09:20:31.810550,Carhartt Men's Acrylic Watch Hat,Carhartt Sportswear - Mens,2,B002G9UDYG,AE7SSZYOT6UWUSBEJFS3K2RTRRTQ
355,AGU74KVBGPCE7P2OHZYWFK73ZQAA,True,this hat is very loose,the hat is not a good fit - it fits very loose. My wife got a different color and hers fits good,"March 1, 2020",Coles,2.0,0,https://www.amazon.ca/gp/profile/amzn1.account.AGU74KVBGPCE7P2OHZYWFK73ZQAA/ref=cm_cr_getr_d_gw_btm?ie=UTF8,2020-09-21 09:20:31.814451,2020-09-21 09:20:31.951172,Carhartt Men's Acrylic Watch Hat,Carhartt Sportswear - Mens,2,B002G9UDYG,AE7SSZYOT6UWUSBEJFS3K2RTRRTQ
356,AF3DGN3WY742CZMC6PZKBVHQTQDA,True,Carharrt hat,5 stars,"March 18, 2020",Tara,5.0,0,https://www.amazon.ca/gp/profile/amzn1.account.AF3DGN3WY742CZMC6PZKBVHQTQDA/ref=cm_cr_getr_d_gw_btm?ie=UTF8,2020-09-21 09:20:31.955077,2020-09-21 09:20:32.085860,Carhartt Men's Acrylic Watch Hat,Carhartt Sportswear - Mens,2,B002G9UDYG,AE7SSZYOT6UWUSBEJFS3K2RTRRTQ
357,AGO2OKI7F5AUBVMAFRZXLJYF52MA,True,Great hat but a little big,I like it. But its a little large on the head(top of hat is long) but it looks nice and keeps my head warm so im not gonna complain.,"January 22, 2018",Daniel,4.0,0,https://www.amazon.ca/gp/profile/amzn1.account.AGO2OKI7F5AUBVMAFRZXLJYF52MA/ref=cm_cr_getr_d_gw_btm?ie=UTF8,2020-09-21 09:20:32.090741,2020-09-21 09:20:32.221523,Carhartt Men's Acrylic Watch Hat,Carhartt Sportswear - Mens,2,B002G9UDYG,AE7SSZYOT6UWUSBEJFS3K2RTRRTQ
358,AF5C67COS2JC5N7LOCPCU3O5HXDA,True,It’s fine,"everything is adverised. The fabric is pretty lose, so it doesn’t fit well. Was hoping for something made from better material for the price.","December 6, 2018",Josh,3.0,0,https://www.amazon.ca/gp/profile/amzn1.account.AF5C67COS2JC5N7LOCPCU3O5HXDA/ref=cm_cr_getr_d_gw_btm?ie=UTF8,2020-09-21 09:20:32.225427,2020-09-21 09:20:32.359140,Carhartt Men's Acrylic Watch Hat,Carhartt Sportswear - Mens,2,B002G9UDYG,AE7SSZYOT6UWUSBEJFS3K2RTRRTQ
359,AEXWABL6KIIJ57YQGTIQ72H4ILDA,True,Way too small!,"Good quality item but it was way too small! I ordered a mens size because I hoped it would be bigger, but what I got was so tight that it gives me a headache. Sad life!","February 16, 2019",Amazon Customer,2.0,0,https://www.amazon.ca/gp/profile/amzn1.account.AEXWABL6KIIJ57YQGTIQ72H4ILDA/ref=cm_cr_getr_d_gw_btm?ie=UTF8,2020-09-21 09:20:32.364019,2020-09-21 09:20:32.496755,Carhartt Men's Acrylic Watch Hat,Carhartt Sportswear - Mens,2,B002G9UDYG,AE7SSZYOT6UWUSBEJFS3K2RTRRTQ
360,AFH7HDEQBUM5D32TBDYPBYWJ4MLQ,True,Perfect!,Touque is proper still! Cant never go wrong with Carhartt!! I'll be buying more!,"April 23, 2019",Octavio H. Morales,5.0,0,https://www.amazon.ca/gp/profile/amzn1.account.AFH7HDEQBUM5D32TBDYPBYWJ4MLQ/ref=cm_cr_getr_d_gw_btm?ie=UTF8,2020-09-21 09:20:38.622619,2020-09-21 09:20:38.800202,Carhartt Men's Acrylic Watch Hat,Carhartt Sportswear - Mens,2,B002G9UDYG,AE7SSZYOT6UWUSBEJFS3K2RTRRTQ
361,AHRTUMPLQ7EVJWYDTNZNSCCXAXIQ,True,Good,First hat was garbage but second one sent after return was perfect,"November 18, 2018",Lindsaycanada,5.0,0,https://www.amazon.ca/gp/profile/amzn1.account.AHRTUMPLQ7EVJWYDTNZNSCCXAXIQ/ref=cm_cr_getr_d_gw_btm?ie=UTF8,2020-09-21 09:20:38.805085,2020-09-21 09:20:38.936844,Carhartt Men's Acrylic Watch Hat,Carhartt Sportswear - Mens,2,B002G9UDYG,AE7SSZYOT6UWUSBEJFS3K2RTRRTQ
362,AGD4Q4GJJSAZ5JTAHHYWZ2GYMATQ,True,Happy with purchase,"Nice, thick and warm. As expected by this name brand.","February 3, 2019",Bondfamily,5.0,0,https://www.amazon.ca/gp/profile/amzn1.account.AGD4Q4GJJSAZ5JTAHHYWZ2GYMATQ/ref=cm_cr_getr_d_gw_btm?ie=UTF8,2020-09-21 09:20:38.941722,2020-09-21 09:20:39.073483,Carhartt Men's Acrylic Watch Hat,Carhartt Sportswear - Mens,2,B002G9UDYG,AE7SSZYOT6UWUSBEJFS3K2RTRRTQ
363,AE7N4IIW3AVJMHTYJVDJMA6LW23Q,True,"Good quality , thick , covers your head well , toasty, used for Canadian winter","What a great buy . Nice and warm , good quality , great look , not short or anything , can cover your head nicely ,you can't beat it for the price","October 26, 2019",Mathew Lagendyk,5.0,0,https://www.amazon.ca/gp/profile/amzn1.account.AE7N4IIW3AVJMHTYJVDJMA6LW23Q/ref=cm_cr_getr_d_gw_btm?ie=UTF8,2020-09-21 09:20:39.078362,2020-09-21 09:20:39.207193,Carhartt Men's Acrylic Watch Hat,Carhartt Sportswear - Mens,2,B002G9UDYG,AE7SSZYOT6UWUSBEJFS3K2RTRRTQ
364,AHCND3GZKC3XAMFO3J4CNJZFNVYQ,True,Not yellow,"Thought the item was yellow from the photo, but is actually gold in colour more of a mustar.","December 5, 2019",John Adam Collins,3.0,0,https://www.amazon.ca/gp/profile/amzn1.account.AHCND3GZKC3XAMFO3J4CNJZFNVYQ/ref=cm_cr_getr_d_gw_btm?ie=UTF8,2020-09-21 09:20:39.212074,2020-09-21 09:20:39.343858,Carhartt Men's Acrylic Watch Hat,Carhartt Sportswear - Mens,2,B002G9UDYG,AE7SSZYOT6UWUSBEJFS3K2RTRRTQ
365,AF6E2HNS434XL4NB4IGAT3LNEIZQ,True,Luxurious,Excellent fabric & super comfy. Love it.,"September 3, 2020",Lee Turcotte,5.0,0,https://www.amazon.ca/gp/profile/amzn1.account.AF6E2HNS434XL4NB4IGAT3LNEIZQ/ref=cm_cr_getr_d_gw_btm?ie=UTF8,2020-09-21 09:20:39.347737,2020-09-21 09:20:39.480475,Carhartt Men's Acrylic Watch Hat,Carhartt Sportswear - Mens,2,B002G9UDYG,AE7SSZYOT6UWUSBEJFS3K2RTRRTQ
366,AH6WQHDG3ZLMISKKJ42H4FIOSGXQ,True,Perfect,Fits and looks great.,"September 22, 2019",Trevor,5.0,0,https://www.amazon.ca/gp/profile/amzn1.account.AH6WQHDG3ZLMISKKJ42H4FIOSGXQ/ref=cm_cr_getr_d_gw_btm?ie=UTF8,2020-09-21 09:20:39.485353,2020-09-21 09:20:39.668840,Carhartt Men's Acrylic Watch Hat,Carhartt Sportswear - Mens,2,B002G9UDYG,AE7SSZYOT6UWUSBEJFS3K2RTRRTQ
367,AGIDWAY2JT2FBXKPBCYDV7XWHJEA,True,Awesome,"Still use it every day after a year! Looks new, held up amazing!","October 10, 2018",Cody New,5.0,0,https://www.amazon.ca/gp/profile/amzn1.account.AGIDWAY2JT2FBXKPBCYDV7XWHJEA/ref=cm_cr_getr_d_gw_btm?ie=UTF8,2020-09-21 09:20:39.673721,2020-09-21 09:20:39.796697,Carhartt Men's Acrylic Watch Hat,Carhartt Sportswear - Mens,2,B002G9UDYG,AE7SSZYOT6UWUSBEJFS3K2RTRRTQ
368,AGWFOIFDW5ZPHFM52IUHHDMCLVEA,True,Fits great,Came in on time and was exactly what I was looking for,"January 26, 2019",Amazon Customer,5.0,0,https://www.amazon.ca/gp/profile/amzn1.account.AGWFOIFDW5ZPHFM52IUHHDMCLVEA/ref=cm_cr_getr_d_gw_btm?ie=UTF8,2020-09-21 09:20:39.801576,2020-09-21 09:20:39.923576,Carhartt Men's Acrylic Watch Hat,Carhartt Sportswear - Mens,2,B002G9UDYG,AE7SSZYOT6UWUSBEJFS3K2RTRRTQ
369,AFCABUUU4KZPLSCLDAQQ6FQD7MHQ,True,Great!,Love,"January 13, 2020",Mady,5.0,0,https://www.amazon.ca/gp/profile/amzn1.account.AFCABUUU4KZPLSCLDAQQ6FQD7MHQ/ref=cm_cr_getr_d_gw_btm?ie=UTF8,2020-09-21 09:20:39.927480,2020-09-21 09:20:40.048504,Carhartt Men's Acrylic Watch Hat,Carhartt Sportswear - Mens,2,B002G9UDYG,AE7SSZYOT6UWUSBEJFS3K2RTRRTQ
370,AGCDGVZBJCDP3QM7RZGSVF4AZIJA,True,Daughter loves it,Perfect fit!,"February 8, 2020",Amy,5.0,0,https://www.amazon.ca/gp/profile/amzn1.account.AGCDGVZBJCDP3QM7RZGSVF4AZIJA/ref=cm_cr_getr_d_gw_btm?ie=UTF8,2020-09-21 09:20:44.172624,2020-09-21 09:20:44.334638,Carhartt Men's Acrylic Watch Hat,Carhartt Sportswear - Mens,2,B002G9UDYG,AE7SSZYOT6UWUSBEJFS3K2RTRRTQ
371,AFULQDY5II5TB7OY6WYUAP6WVETA,True,cute,Love this hat.,"November 30, 2019",Melissa Cochrane,5.0,0,https://www.amazon.ca/gp/profile/amzn1.account.AFULQDY5II5TB7OY6WYUAP6WVETA/ref=cm_cr_getr_d_gw_btm?ie=UTF8,2020-09-21 09:20:44.339519,2020-09-21 09:20:44.469327,Carhartt Men's Acrylic Watch Hat,Carhartt Sportswear - Mens,2,B002G9UDYG,AE7SSZYOT6UWUSBEJFS3K2RTRRTQ
372,AHD5GRKN6ZJ7Z3PKSELQUW3DT2AQ,True,"Looks like a knock off, bad stitching and wrong colour",The logo on the hat is extremely off. The portions around the stitching are completely random. One side of the stitching actually has double the material making a little flap. The colour of the hat is also brown now green ...,"November 12, 2018",Amazon Customer,1.0,0,https://www.amazon.ca/gp/profile/amzn1.account.AHD5GRKN6ZJ7Z3PKSELQUW3DT2AQ/ref=cm_cr_getr_d_gw_btm?ie=UTF8,2020-09-21 09:20:44.474207,2020-09-21 09:20:44.603040,Carhartt Men's Acrylic Watch Hat,Carhartt Sportswear - Mens,2,B002G9UDYG,AE7SSZYOT6UWUSBEJFS3K2RTRRTQ
373,AE43M6KMZAWP5YRUBE4DXFCP5YIQ,True,Get what you pay for.,Fits well. However poor quality stitching by the carhartt logo. Product maybe a replica and not authentic. Made in Taiwan.,"January 22, 2020",Daniel Liu,3.0,0,https://www.amazon.ca/gp/profile/amzn1.account.AE43M6KMZAWP5YRUBE4DXFCP5YIQ/ref=cm_cr_getr_d_gw_btm?ie=UTF8,2020-09-21 09:20:44.607919,2020-09-21 09:20:44.737760,Carhartt Men's Acrylic Watch Hat,Carhartt Sportswear - Mens,2,B002G9UDYG,AE7SSZYOT6UWUSBEJFS3K2RTRRTQ
374,AGWQS3MJH7IQUSEC2EKRREJCNLZQ,True,Daughters favourite gift,My daughter wanted a hat similar colour different brand the cost was $34 I found this hat same colour and she LOVES it.,"December 13, 2019",Crystal,5.0,0,https://www.amazon.ca/gp/profile/amzn1.account.AGWQS3MJH7IQUSEC2EKRREJCNLZQ/ref=cm_cr_getr_d_gw_btm?ie=UTF8,2020-09-21 09:20:44.741665,2020-09-21 09:20:44.875402,Carhartt Men's Acrylic Watch Hat,Carhartt Sportswear - Mens,2,B002G9UDYG,AE7SSZYOT6UWUSBEJFS3K2RTRRTQ
375,AE2WPM6URQOX2ZYHWLJ5FDYCMHCA,True,Great hat,Really like this hat. As expected and fits well!,"November 28, 2019",Mariah,5.0,0,https://www.amazon.ca/gp/profile/amzn1.account.AE2WPM6URQOX2ZYHWLJ5FDYCMHCA/ref=cm_cr_getr_d_gw_btm?ie=UTF8,2020-09-21 09:20:44.879280,2020-09-21 09:20:45.008111,Carhartt Men's Acrylic Watch Hat,Carhartt Sportswear - Mens,2,B002G9UDYG,AE7SSZYOT6UWUSBEJFS3K2RTRRTQ
376,AGO5OHLL5VLDTXQTZMQ2MUGU3FZQ,True,Super soft,Great,"April 25, 2020",Sam,5.0,0,https://www.amazon.ca/gp/profile/amzn1.account.AGO5OHLL5VLDTXQTZMQ2MUGU3FZQ/ref=cm_cr_getr_d_gw_btm?ie=UTF8,2020-09-21 09:20:45.012992,2020-09-21 09:20:45.144752,Carhartt Men's Acrylic Watch Hat,Carhartt Sportswear - Mens,2,B002G9UDYG,AE7SSZYOT6UWUSBEJFS3K2RTRRTQ
377,AFPSC5GM2VDVX4SASURMYD2Q24DQ,True,Perfect,Warm good quality hat,"January 14, 2020",graham,5.0,0,https://www.amazon.ca/gp/profile/amzn1.account.AFPSC5GM2VDVX4SASURMYD2Q24DQ/ref=cm_cr_getr_d_gw_btm?ie=UTF8,2020-09-21 09:20:45.148655,2020-09-21 09:20:45.282367,Carhartt Men's Acrylic Watch Hat,Carhartt Sportswear - Mens,2,B002G9UDYG,AE7SSZYOT6UWUSBEJFS3K2RTRRTQ
378,AFX4N3OSMV5BYGONC5YFSSXKWQ2A,True,Hat,He's happy with it,"April 21, 2020",Tina,4.0,0,https://www.amazon.ca/gp/profile/amzn1.account.AFX4N3OSMV5BYGONC5YFSSXKWQ2A/ref=cm_cr_getr_d_gw_btm?ie=UTF8,2020-09-21 09:20:45.287246,2020-09-21 09:20:45.414174,Carhartt Men's Acrylic Watch Hat,Carhartt Sportswear - Mens,2,B002G9UDYG,AE7SSZYOT6UWUSBEJFS3K2RTRRTQ
379,AENGJ7TJTSHJP2ERWWJPKXZORLSA,True,As expected & described,Great product for winter.,"June 4, 2020",Kevin Fraser,5.0,0,https://www.amazon.ca/gp/profile/amzn1.account.AENGJ7TJTSHJP2ERWWJPKXZORLSA/ref=cm_cr_getr_d_gw_btm?ie=UTF8,2020-09-21 09:20:45.419053,2020-09-21 09:20:45.550815,Carhartt Men's Acrylic Watch Hat,Carhartt Sportswear - Mens,2,B002G9UDYG,AE7SSZYOT6UWUSBEJFS3K2RTRRTQ
380,AFY2VZJ5FTGNDWHPOZLGW6JRI2AQ,True,Perfect,AMAZING!!! So cute and in style:) my girlfriend looks great in it,"June 20, 2020",Ryan Fast,5.0,0,https://www.amazon.ca/gp/profile/amzn1.account.AFY2VZJ5FTGNDWHPOZLGW6JRI2AQ/ref=cm_cr_getr_d_gw_btm?ie=UTF8,2020-09-21 09:20:48.674467,2020-09-21 09:20:48.842291,Carhartt Men's Acrylic Watch Hat,Carhartt Sportswear - Mens,2,B002G9UDYG,AE7SSZYOT6UWUSBEJFS3K2RTRRTQ
381,AFMPQ2PCCQEOEXD4KU2RE4YIDEZQ,True,Great quality hat!,"Nice, warm, and feels very good quality. Make sure to check if the product is made in the USA!","March 29, 2020",NICK ,4.0,0,https://www.amazon.ca/gp/profile/amzn1.account.AFMPQ2PCCQEOEXD4KU2RE4YIDEZQ/ref=cm_cr_getr_d_gw_btm?ie=UTF8,2020-09-21 09:20:48.846195,2020-09-21 09:20:48.978931,Carhartt Men's Acrylic Watch Hat,Carhartt Sportswear - Mens,2,B002G9UDYG,AE7SSZYOT6UWUSBEJFS3K2RTRRTQ
382,AG7XHA4RBPAFBEVQGQBIARKZHXKA,True,Made in Taiwan not Canada or USA like it says,"Longer that normal, says made in Taiwan. Lies upon lies","November 28, 2018",Amazon Customer,5.0,0,https://www.amazon.ca/gp/profile/amzn1.account.AG7XHA4RBPAFBEVQGQBIARKZHXKA/ref=cm_cr_getr_d_gw_btm?ie=UTF8,2020-09-21 09:20:48.982834,2020-09-21 09:20:49.112641,Carhartt Men's Acrylic Watch Hat,Carhartt Sportswear - Mens,2,B002G9UDYG,AE7SSZYOT6UWUSBEJFS3K2RTRRTQ
383,AEJCI37F4NBOTUIHRHBQTYDDWTQQ,True,Exactly as described,love the hat. beautiful color,"August 27, 2019",Nayyer,4.0,0,https://www.amazon.ca/gp/profile/amzn1.account.AEJCI37F4NBOTUIHRHBQTYDDWTQQ/ref=cm_cr_getr_d_gw_btm?ie=UTF8,2020-09-21 09:20:49.117522,2020-09-21 09:20:49.247350,Carhartt Men's Acrylic Watch Hat,Carhartt Sportswear - Mens,2,B002G9UDYG,AE7SSZYOT6UWUSBEJFS3K2RTRRTQ
384,AGORKBIZAZ24G5BA4QL34ARUZRNQ,True,its warm!,love warm and comfortable!,"August 31, 2019",sacha,5.0,0,https://www.amazon.ca/gp/profile/amzn1.account.AGORKBIZAZ24G5BA4QL34ARUZRNQ/ref=cm_cr_getr_d_gw_btm?ie=UTF8,2020-09-21 09:20:49.251255,2020-09-21 09:20:49.381073,Carhartt Men's Acrylic Watch Hat,Carhartt Sportswear - Mens,2,B002G9UDYG,AE7SSZYOT6UWUSBEJFS3K2RTRRTQ
385,AEBG44JYXL5MFH5M3FZ2C74KQCBA,True,Toque,Love it,"December 3, 2019",Donna Slatter,5.0,0,https://www.amazon.ca/gp/profile/amzn1.account.AEBG44JYXL5MFH5M3FZ2C74KQCBA/ref=cm_cr_getr_d_gw_btm?ie=UTF8,2020-09-21 09:20:49.384977,2020-09-21 09:20:49.520681,Carhartt Men's Acrylic Watch Hat,Carhartt Sportswear - Mens,2,B002G9UDYG,AE7SSZYOT6UWUSBEJFS3K2RTRRTQ
386,AG3GJ45MPFZSVY675XSA6Y2JAXVQ,True,Awesome toque,Husband wears it to work and likes it. Great for Canadian winters.,"January 8, 2020",Susie Banman,5.0,0,https://www.amazon.ca/gp/profile/amzn1.account.AG3GJ45MPFZSVY675XSA6Y2JAXVQ/ref=cm_cr_getr_d_gw_btm?ie=UTF8,2020-09-21 09:20:49.525561,2020-09-21 09:20:49.654393,Carhartt Men's Acrylic Watch Hat,Carhartt Sportswear - Mens,2,B002G9UDYG,AE7SSZYOT6UWUSBEJFS3K2RTRRTQ
387,AEWYE7SH26PHYXNHWXUOUDOF2PKQ,True,Carhartt hats,"Ive brought three of these hats now all different colours band are all different fits and sizes. Definitely not just one size, one fits perfectly and the over two are massive. So annoying!!!!!","December 18, 2018",Hodgy,5.0,0,https://www.amazon.ca/gp/profile/amzn1.account.AEWYE7SH26PHYXNHWXUOUDOF2PKQ/ref=cm_cr_getr_d_gw_btm?ie=UTF8,2020-09-21 09:20:49.659273,2020-09-21 09:20:49.790056,Carhartt Men's Acrylic Watch Hat,Carhartt Sportswear - Mens,2,B002G9UDYG,AE7SSZYOT6UWUSBEJFS3K2RTRRTQ
388,AEJUPIBDNBLTBGWNRGPCULNYQI4Q,True,Perfect,Wonderful. Can't find myself not wearing. Perfect for the rough Canadian winters while still looking good. Would recommend to snowboarders/ downhill skiers too.,"January 19, 2020",Lauren,5.0,0,https://www.amazon.ca/gp/profile/amzn1.account.AEJUPIBDNBLTBGWNRGPCULNYQI4Q/ref=cm_cr_getr_d_gw_btm?ie=UTF8,2020-09-21 09:20:49.794936,2020-09-21 09:20:49.929623,Carhartt Men's Acrylic Watch Hat,Carhartt Sportswear - Mens,2,B002G9UDYG,AE7SSZYOT6UWUSBEJFS3K2RTRRTQ
389,AH7G6Z6VUSY3DYAHVKCOYZIXRALQ,True,Good product,"It is warm, fits well and look nice.","April 10, 2019",Louis Gravel,5.0,0,https://www.amazon.ca/gp/profile/amzn1.account.AH7G6Z6VUSY3DYAHVKCOYZIXRALQ/ref=cm_cr_getr_d_gw_btm?ie=UTF8,2020-09-21 09:20:49.934504,2020-09-21 09:20:50.069223,Carhartt Men's Acrylic Watch Hat,Carhartt Sportswear - Mens,2,B002G9UDYG,AE7SSZYOT6UWUSBEJFS3K2RTRRTQ
390,AEVZV7OG7PFJ5GTWHGZF66C56DGA,True,Fits large,Colour as described. Way to big for my husbands head.,"November 16, 2018",shan,4.0,0,https://www.amazon.ca/gp/profile/amzn1.account.AEVZV7OG7PFJ5GTWHGZF66C56DGA/ref=cm_cr_getr_d_gw_btm?ie=UTF8,2020-09-21 09:20:54.183999,2020-09-21 09:20:54.325518,Carhartt Men's Acrylic Watch Hat,Carhartt Sportswear - Mens,2,B002G9UDYG,AE7SSZYOT6UWUSBEJFS3K2RTRRTQ
391,AFWBW4YNZYMBUJYU5PZXLQDSFT3Q,True,"Great fit, wear everyday","Quick shipping , durable product. Bought 4 of these already.","April 20, 2019",Tyler,5.0,0,https://www.amazon.ca/gp/profile/amzn1.account.AFWBW4YNZYMBUJYU5PZXLQDSFT3Q/ref=cm_cr_getr_d_gw_btm?ie=UTF8,2020-09-21 09:20:54.329422,2020-09-21 09:20:54.457276,Carhartt Men's Acrylic Watch Hat,Carhartt Sportswear - Mens,2,B002G9UDYG,AE7SSZYOT6UWUSBEJFS3K2RTRRTQ
392,AHS73D4ZLOYQHB2SOPUQWGEPIBVQ,True,Very Nice.,Love it!,"December 16, 2019",Abby Burden,5.0,0,https://www.amazon.ca/gp/profile/amzn1.account.AHS73D4ZLOYQHB2SOPUQWGEPIBVQ/ref=cm_cr_getr_d_gw_btm?ie=UTF8,2020-09-21 09:20:54.462157,2020-09-21 09:20:54.593917,Carhartt Men's Acrylic Watch Hat,Carhartt Sportswear - Mens,2,B002G9UDYG,AE7SSZYOT6UWUSBEJFS3K2RTRRTQ
393,AGVSL2SK4YQEOI5GERFA2TJ423ZQ,True,Love it,Great colour and fit!,"September 5, 2020",Kelsey Pezzola,5.0,0,https://www.amazon.ca/gp/profile/amzn1.account.AGVSL2SK4YQEOI5GERFA2TJ423ZQ/ref=cm_cr_getr_d_gw_btm?ie=UTF8,2020-09-21 09:20:54.597821,2020-09-21 09:20:54.728604,Carhartt Men's Acrylic Watch Hat,Carhartt Sportswear - Mens,2,B002G9UDYG,AE7SSZYOT6UWUSBEJFS3K2RTRRTQ
394,AH6BBRLODQKZ5HW3GVAMPDXDOHLQ,True,Quality,Thicker than my last carhartt toque,"January 26, 2020",Orangebeard,5.0,0,https://www.amazon.ca/gp/profile/amzn1.account.AH6BBRLODQKZ5HW3GVAMPDXDOHLQ/ref=cm_cr_getr_d_gw_btm?ie=UTF8,2020-09-21 09:20:54.732509,2020-09-21 09:20:54.871100,Carhartt Men's Acrylic Watch Hat,Carhartt Sportswear - Mens,2,B002G9UDYG,AE7SSZYOT6UWUSBEJFS3K2RTRRTQ
395,AEN7LSI66O66BONMHINBHAZXSUWQ,True,Great lid! Super warm.,Would definitely recommend if you work outside. Very warm.,"February 11, 2019",Matt B,5.0,0,https://www.amazon.ca/gp/profile/amzn1.account.AEN7LSI66O66BONMHINBHAZXSUWQ/ref=cm_cr_getr_d_gw_btm?ie=UTF8,2020-09-21 09:20:54.875980,2020-09-21 09:20:55.014572,Carhartt Men's Acrylic Watch Hat,Carhartt Sportswear - Mens,2,B002G9UDYG,AE7SSZYOT6UWUSBEJFS3K2RTRRTQ
396,AEFGOQ6NPUE7YNWMJHLXGPAMRBLA,True,"Nice quality, small fit","It's a nice quality toque, but it's very tight. I have thick hair so I have it to my boyfriend and he can barely stand how tight it is","October 28, 2019",Rachel,4.0,0,https://www.amazon.ca/gp/profile/amzn1.account.AEFGOQ6NPUE7YNWMJHLXGPAMRBLA/ref=cm_cr_getr_d_gw_btm?ie=UTF8,2020-09-21 09:20:55.019452,2020-09-21 09:20:55.153163,Carhartt Men's Acrylic Watch Hat,Carhartt Sportswear - Mens,2,B002G9UDYG,AE7SSZYOT6UWUSBEJFS3K2RTRRTQ
397,AGDZFC5NSR4QFWEX5SH54ATBLOXQ,True,For better than expected!,"I’m always iffy about beanies, some don’t fit the way I like but this one fit great! Can’t wait to get more colours!","November 10, 2019",SFC,5.0,0,https://www.amazon.ca/gp/profile/amzn1.account.AGDZFC5NSR4QFWEX5SH54ATBLOXQ/ref=cm_cr_getr_d_gw_btm?ie=UTF8,2020-09-21 09:20:55.157068,2020-09-21 09:20:55.292730,Carhartt Men's Acrylic Watch Hat,Carhartt Sportswear - Mens,2,B002G9UDYG,AE7SSZYOT6UWUSBEJFS3K2RTRRTQ
398,AH2KIQC37KMO4P6DYBJGIUYAIRTQ,True,fits small,im a tiny 5'1 woman and this was too tight for my head... currently trying to stretch it out over a helmet so that i can actually wear it,"December 5, 2019",Leanna,2.0,0,https://www.amazon.ca/gp/profile/amzn1.account.AH2KIQC37KMO4P6DYBJGIUYAIRTQ/ref=cm_cr_getr_d_gw_btm?ie=UTF8,2020-09-21 09:20:55.297610,2020-09-21 09:20:55.430428,Carhartt Men's Acrylic Watch Hat,Carhartt Sportswear - Mens,2,B002G9UDYG,AE7SSZYOT6UWUSBEJFS3K2RTRRTQ
399,AH3JI2TPJENRGB6W6L65WRU3QT7Q,True,Cold! Doesn't give any warm if windy,Cold! Doesn't give any warm if windy,"March 21, 2019",GG,1.0,0,https://www.amazon.ca/gp/profile/amzn1.account.AH3JI2TPJENRGB6W6L65WRU3QT7Q/ref=cm_cr_getr_d_gw_btm?ie=UTF8,2020-09-21 09:20:55.435309,2020-09-21 09:20:55.572924,Carhartt Men's Acrylic Watch Hat,Carhartt Sportswear - Mens,2,B002G9UDYG,AE7SSZYOT6UWUSBEJFS3K2RTRRTQ
400,AGVRVWY2CZET24OYW4YFPLO5ZYZQ,True,Nice hat,The hat looks good and is good quality. Husband was happy with it.,"January 15, 2020",Monica Fallow,4.0,0,https://www.amazon.ca/gp/profile/amzn1.account.AGVRVWY2CZET24OYW4YFPLO5ZYZQ/ref=cm_cr_getr_d_gw_btm?ie=UTF8,2020-09-21 09:20:57.698066,2020-09-21 09:20:57.891313,Carhartt Men's Acrylic Watch Hat,Carhartt Sportswear - Mens,2,B002G9UDYG,AE7SSZYOT6UWUSBEJFS3K2RTRRTQ
401,AGP5C6FD5EJQPK7GWUE7SFEM4G6Q,True,Quality Hat,"**WARM**, excellent quality winter toque (hat). Perfect for a Canadian winter. Exactly as described.","February 28, 2018",Amazon Customer,5.0,0,https://www.amazon.ca/gp/profile/amzn1.account.AGP5C6FD5EJQPK7GWUE7SFEM4G6Q/ref=cm_cr_getr_d_gw_btm?ie=UTF8,2020-09-21 09:20:57.895217,2020-09-21 09:20:58.030881,Carhartt Men's Acrylic Watch Hat,Carhartt Sportswear - Mens,2,B002G9UDYG,AE7SSZYOT6UWUSBEJFS3K2RTRRTQ
402,AFV7JZP2GUYT5OVO36TXP5MYOESA,True,Five Stars,"Snug fit and I love it! Feels like good quality, does not feel cheap or fake!","October 3, 2018",Amy J.,5.0,0,https://www.amazon.ca/gp/profile/amzn1.account.AFV7JZP2GUYT5OVO36TXP5MYOESA/ref=cm_cr_getr_d_gw_btm?ie=UTF8,2020-09-21 09:20:58.034787,2020-09-21 09:20:58.172404,Carhartt Men's Acrylic Watch Hat,Carhartt Sportswear - Mens,2,B002G9UDYG,AE7SSZYOT6UWUSBEJFS3K2RTRRTQ
403,AFO6THT5WFVIC4U5HLSIONJD36YA,True,Great Quality,Love this hat. Fits great and is very warm. The colour is perfect and you can tell the quality is amazing. Would purchase again in other colours!,"January 21, 2020",Carly D.,5.0,0,https://www.amazon.ca/gp/profile/amzn1.account.AFO6THT5WFVIC4U5HLSIONJD36YA/ref=cm_cr_getr_d_gw_btm?ie=UTF8,2020-09-21 09:20:58.177280,2020-09-21 09:20:58.309040,Carhartt Men's Acrylic Watch Hat,Carhartt Sportswear - Mens,2,B002G9UDYG,AE7SSZYOT6UWUSBEJFS3K2RTRRTQ
404,AFZWJNCJCBPPAKNA5UFDJP6MGRGA,True,"Warm, good quality",Nice stretchy fit.,"November 12, 2019",Randall B,5.0,0,https://www.amazon.ca/gp/profile/amzn1.account.AFZWJNCJCBPPAKNA5UFDJP6MGRGA/ref=cm_cr_getr_d_gw_btm?ie=UTF8,2020-09-21 09:20:58.314896,2020-09-21 09:20:58.451562,Carhartt Men's Acrylic Watch Hat,Carhartt Sportswear - Mens,2,B002G9UDYG,AE7SSZYOT6UWUSBEJFS3K2RTRRTQ
405,AHVEFLUAIEOMOJCQ5SYND5VWPAFQ,True,Best quality on the market,Love this tuque! It is absolutely the warmest and great for my outdoor construction job in -20° C weather. No issues whatsoever. Will always buy Carhart over any name.,"December 18, 2018",Salwon,5.0,0,https://www.amazon.ca/gp/profile/amzn1.account.AHVEFLUAIEOMOJCQ5SYND5VWPAFQ/ref=cm_cr_getr_d_gw_btm?ie=UTF8,2020-09-21 09:20:58.455439,2020-09-21 09:20:58.592079,Carhartt Men's Acrylic Watch Hat,Carhartt Sportswear - Mens,2,B002G9UDYG,AE7SSZYOT6UWUSBEJFS3K2RTRRTQ
406,AHCTSNVLXLIY3UIQF6WMFE4K3BZA,True,Takes a bit to get used to.,"Great hat, great quality, when I first tried it on it was a bit tight but it stretched to my head shape in less than a week of daily wearing. Would buy again 11/10 ign","February 18, 2019",jasperd,5.0,0,https://www.amazon.ca/gp/profile/amzn1.account.AHCTSNVLXLIY3UIQF6WMFE4K3BZA/ref=cm_cr_getr_d_gw_btm?ie=UTF8,2020-09-21 09:20:58.595984,2020-09-21 09:20:58.724853,Carhartt Men's Acrylic Watch Hat,Carhartt Sportswear - Mens,2,B002G9UDYG,AE7SSZYOT6UWUSBEJFS3K2RTRRTQ
407,AGMPH634USEIFJC5HGFMTRRFZXDQ,True,realy cool,warm,"November 8, 2019",James mclay,5.0,0,https://www.amazon.ca/gp/profile/amzn1.account.AGMPH634USEIFJC5HGFMTRRFZXDQ/ref=cm_cr_getr_d_gw_btm?ie=UTF8,2020-09-21 09:20:58.729732,2020-09-21 09:20:58.865471,Carhartt Men's Acrylic Watch Hat,Carhartt Sportswear - Mens,2,B002G9UDYG,AE7SSZYOT6UWUSBEJFS3K2RTRRTQ
408,AFZD6LZDSRWBIIJ5GTMSTUSPCLFQ,True,Good quality,Good warm hat. It’s a very large hat,"March 14, 2019",Amazon Customer,5.0,0,https://www.amazon.ca/gp/profile/amzn1.account.AFZD6LZDSRWBIIJ5GTMSTUSPCLFQ/ref=cm_cr_getr_d_gw_btm?ie=UTF8,2020-09-21 09:20:58.869375,2020-09-21 09:20:59.005038,Carhartt Men's Acrylic Watch Hat,Carhartt Sportswear - Mens,2,B002G9UDYG,AE7SSZYOT6UWUSBEJFS3K2RTRRTQ
409,AHGSYU7GHQ6RUS6FOIXQXHROAAZA,True,Fits small,I have an average size head and it’s on the verge of being too tight. Super warm though,"December 16, 2018",Serge,4.0,0,https://www.amazon.ca/gp/profile/amzn1.account.AHGSYU7GHQ6RUS6FOIXQXHROAAZA/ref=cm_cr_getr_d_gw_btm?ie=UTF8,2020-09-21 09:20:59.009918,2020-09-21 09:20:59.143658,Carhartt Men's Acrylic Watch Hat,Carhartt Sportswear - Mens,2,B002G9UDYG,AE7SSZYOT6UWUSBEJFS3K2RTRRTQ
410,AEDLDTIMTP5NIQKY7EVCXQFG4FBQ,True,Great warm hat,"Excellent quality, my husband loves these hats !","December 13, 2019",Rebecca Robertson,5.0,0,https://www.amazon.ca/gp/profile/amzn1.account.AEDLDTIMTP5NIQKY7EVCXQFG4FBQ/ref=cm_cr_getr_d_gw_btm?ie=UTF8,2020-09-21 09:21:04.265651,2020-09-21 09:21:04.433521,Carhartt Men's Acrylic Watch Hat,Carhartt Sportswear - Mens,2,B002G9UDYG,AE7SSZYOT6UWUSBEJFS3K2RTRRTQ
411,AENFIND7Z2IJYRECHY7MZHXFTN5A,True,QUALITY,good quality,"November 3, 2019",Alska,4.0,0,https://www.amazon.ca/gp/profile/amzn1.account.AENFIND7Z2IJYRECHY7MZHXFTN5A/ref=cm_cr_getr_d_gw_btm?ie=UTF8,2020-09-21 09:21:04.438400,2020-09-21 09:21:04.576992,Carhartt Men's Acrylic Watch Hat,Carhartt Sportswear - Mens,2,B002G9UDYG,AE7SSZYOT6UWUSBEJFS3K2RTRRTQ
412,AHX4MEYRPUKNYKVU755DUQ7HCUOA,True,Gnarls Barkley,Don’t know what a watch cap is but it’s a sick tuque.,"July 10, 2019",Joey gofuk yaself,5.0,0,https://www.amazon.ca/gp/profile/amzn1.account.AHX4MEYRPUKNYKVU755DUQ7HCUOA/ref=cm_cr_getr_d_gw_btm?ie=UTF8,2020-09-21 09:21:04.580895,2020-09-21 09:21:04.715584,Carhartt Men's Acrylic Watch Hat,Carhartt Sportswear - Mens,2,B002G9UDYG,AE7SSZYOT6UWUSBEJFS3K2RTRRTQ
413,AEPZHYUPA6UNBRNC4WK45VZR5KQA,True,My purchase of Garhartt Hat,I found the item exactly as described. The quality is superb and warm enough to withstand severe cold weather exceeding minus 20. It is a hat that I would like to recommend to all seeking quality hats.,"February 25, 2019",Mohamed Abdelgadir,4.0,0,https://www.amazon.ca/gp/profile/amzn1.account.AEPZHYUPA6UNBRNC4WK45VZR5KQA/ref=cm_cr_getr_d_gw_btm?ie=UTF8,2020-09-21 09:21:04.720465,2020-09-21 09:21:04.856126,Carhartt Men's Acrylic Watch Hat,Carhartt Sportswear - Mens,2,B002G9UDYG,AE7SSZYOT6UWUSBEJFS3K2RTRRTQ
414,AHC5HDK3P3AEYOZLCPLWNYEM3ORQ,True,Good for the SPA,Very nice and just right warm to be use in the spa,"October 28, 2018",Client d'Amazon,5.0,0,https://www.amazon.ca/gp/profile/amzn1.account.AHC5HDK3P3AEYOZLCPLWNYEM3ORQ/ref=cm_cr_getr_d_gw_btm?ie=UTF8,2020-09-21 09:21:04.861007,2020-09-21 09:21:04.995695,Carhartt Men's Acrylic Watch Hat,Carhartt Sportswear - Mens,2,B002G9UDYG,AE7SSZYOT6UWUSBEJFS3K2RTRRTQ
415,AHM4CG3VEQPWCIG25J3YDUYGQRKA,True,Happy girlfriend!!!,Girlfriend loved this Xmas gift! Great quality and good price. Shipping speed was good too!,"January 6, 2019",Amazon Customer,5.0,0,https://www.amazon.ca/gp/profile/amzn1.account.AHM4CG3VEQPWCIG25J3YDUYGQRKA/ref=cm_cr_getr_d_gw_btm?ie=UTF8,2020-09-21 09:21:04.999600,2020-09-21 09:21:05.138190,Carhartt Men's Acrylic Watch Hat,Carhartt Sportswear - Mens,2,B002G9UDYG,AE7SSZYOT6UWUSBEJFS3K2RTRRTQ
416,AFW3OSTVOYCGXL5EKSFHVZ4OHB6Q,True,Very Small,The fit for this colour was much smaller than others. I am woman with a fairly small head and this was way too tight for comfort. Not sure if it's a defect or what.,"December 19, 2018",Luke,2.0,0,https://www.amazon.ca/gp/profile/amzn1.account.AFW3OSTVOYCGXL5EKSFHVZ4OHB6Q/ref=cm_cr_getr_d_gw_btm?ie=UTF8,2020-09-21 09:21:05.143071,2020-09-21 09:21:05.281687,Carhartt Men's Acrylic Watch Hat,Carhartt Sportswear - Mens,2,B002G9UDYG,AE7SSZYOT6UWUSBEJFS3K2RTRRTQ
417,AFTZ2EKRS3ETRKHEGMAKNDXETU6A,True,quality,warm,"November 21, 2019",adrian scott,5.0,0,https://www.amazon.ca/gp/profile/amzn1.account.AFTZ2EKRS3ETRKHEGMAKNDXETU6A/ref=cm_cr_getr_d_gw_btm?ie=UTF8,2020-09-21 09:21:05.286542,2020-09-21 09:21:05.417326,Carhartt Men's Acrylic Watch Hat,Carhartt Sportswear - Mens,2,B002G9UDYG,AE7SSZYOT6UWUSBEJFS3K2RTRRTQ
418,AGU66WEQKUU2LHUBGVY5FO6Y3UDA,True,Fits good and snug,Love how snug it is. My husband and I both share this hat and we both love the fit.,"February 1, 2019",Amazon Customer,5.0,0,https://www.amazon.ca/gp/profile/amzn1.account.AGU66WEQKUU2LHUBGVY5FO6Y3UDA/ref=cm_cr_getr_d_gw_btm?ie=UTF8,2020-09-21 09:21:05.422206,2020-09-21 09:21:05.556893,Carhartt Men's Acrylic Watch Hat,Carhartt Sportswear - Mens,2,B002G9UDYG,AE7SSZYOT6UWUSBEJFS3K2RTRRTQ
419,AGVA2DA33XTRU6HVWEKNCL7SU2CQ,True,Super Comfy and Warm,"very comfy, love the colour :)","March 23, 2020",M,5.0,0,https://www.amazon.ca/gp/profile/amzn1.account.AGVA2DA33XTRU6HVWEKNCL7SU2CQ/ref=cm_cr_getr_d_gw_btm?ie=UTF8,2020-09-21 09:21:05.560797,2020-09-21 09:21:05.698414,Carhartt Men's Acrylic Watch Hat,Carhartt Sportswear - Mens,2,B002G9UDYG,AE7SSZYOT6UWUSBEJFS3K2RTRRTQ
420,AESUTZHVP46OAR2OTKHCGXVUEKUA,True,Great,Perfect,"June 30, 2020",Bobby Brum,5.0,0,https://www.amazon.ca/gp/profile/amzn1.account.AESUTZHVP46OAR2OTKHCGXVUEKUA/ref=cm_cr_getr_d_gw_btm?ie=UTF8,2020-09-21 09:21:08.824710,2020-09-21 09:21:08.956470,Carhartt Men's Acrylic Watch Hat,Carhartt Sportswear - Mens,2,B002G9UDYG,AE7SSZYOT6UWUSBEJFS3K2RTRRTQ
421,AH77MALENFZB33UMLHG5BRNPOUXQ,True,Parfait,Bonne tuque . Vous pouvez pas vous tromper !,"December 10, 2018",Alex,5.0,0,https://www.amazon.ca/gp/profile/amzn1.account.AH77MALENFZB33UMLHG5BRNPOUXQ/ref=cm_cr_getr_d_gw_btm?ie=UTF8,2020-09-21 09:21:08.960374,2020-09-21 09:21:09.091157,Carhartt Men's Acrylic Watch Hat,Carhartt Sportswear - Mens,2,B002G9UDYG,AE7SSZYOT6UWUSBEJFS3K2RTRRTQ
422,AEMZAQCSLJTTLYOUVVXB5S2OPMMA,True,Awesome hat!,I live in a town that get to -40 degrees Celsius. This hat is perfect for those super cold days! Awesome fit and super cute!,"January 15, 2020",em,5.0,0,https://www.amazon.ca/gp/profile/amzn1.account.AEMZAQCSLJTTLYOUVVXB5S2OPMMA/ref=cm_cr_getr_d_gw_btm?ie=UTF8,2020-09-21 09:21:09.095060,2020-09-21 09:21:09.225919,Carhartt Men's Acrylic Watch Hat,Carhartt Sportswear - Mens,2,B002G9UDYG,AE7SSZYOT6UWUSBEJFS3K2RTRRTQ
423,AGZNPHBOA2H4T3FYIANJJMYM5AWA,True,Great authentic carhartt,Great hat! Just like the ones in stores!,"February 18, 2019",mariepier,5.0,0,https://www.amazon.ca/gp/profile/amzn1.account.AGZNPHBOA2H4T3FYIANJJMYM5AWA/ref=cm_cr_getr_d_gw_btm?ie=UTF8,2020-09-21 09:21:09.230799,2020-09-21 09:21:09.361585,Carhartt Men's Acrylic Watch Hat,Carhartt Sportswear - Mens,2,B002G9UDYG,AE7SSZYOT6UWUSBEJFS3K2RTRRTQ
424,AGY6HZHPNBDV4U7DXUIOZBL2YOJQ,True,Trustworthy,"Great hat, speaks for itself. Warm and durable","April 24, 2020",Jorge Wesselink,5.0,0,https://www.amazon.ca/gp/profile/amzn1.account.AGY6HZHPNBDV4U7DXUIOZBL2YOJQ/ref=cm_cr_getr_d_gw_btm?ie=UTF8,2020-09-21 09:21:09.366463,2020-09-21 09:21:09.498248,Carhartt Men's Acrylic Watch Hat,Carhartt Sportswear - Mens,2,B002G9UDYG,AE7SSZYOT6UWUSBEJFS3K2RTRRTQ
425,AGODZUFSA3SAPO2PDJ2PITDPSAQQ,True,Excellent,Excellent,"August 27, 2019",Patrick,5.0,0,https://www.amazon.ca/gp/profile/amzn1.account.AGODZUFSA3SAPO2PDJ2PITDPSAQQ/ref=cm_cr_getr_d_gw_btm?ie=UTF8,2020-09-21 09:21:09.502127,2020-09-21 09:21:09.632911,Carhartt Men's Acrylic Watch Hat,Carhartt Sportswear - Mens,2,B002G9UDYG,AE7SSZYOT6UWUSBEJFS3K2RTRRTQ
426,AGZEFGPU5KUIX4S2CCZM2VZG53NA,True,Warm and fits,It’s a hat. It fits and it’s warm,"February 15, 2019",Beansie,5.0,0,https://www.amazon.ca/gp/profile/amzn1.account.AGZEFGPU5KUIX4S2CCZM2VZG53NA/ref=cm_cr_getr_d_gw_btm?ie=UTF8,2020-09-21 09:21:09.636815,2020-09-21 09:21:09.765678,Carhartt Men's Acrylic Watch Hat,Carhartt Sportswear - Mens,2,B002G9UDYG,AE7SSZYOT6UWUSBEJFS3K2RTRRTQ
427,AF3Q4BCD6CZ3DM6RRPN4QA5PN4EA,True,Fits as expected! It’s cute but I’m finding I’m not a fan of acrylic material 😆,"The acrylic isn’t the comfiest almost itchy, but so is wool I guess? Anyways nice head gear!","December 9, 2018",malerie,4.0,0,https://www.amazon.ca/gp/profile/amzn1.account.AF3Q4BCD6CZ3DM6RRPN4QA5PN4EA/ref=cm_cr_getr_d_gw_btm?ie=UTF8,2020-09-21 09:21:09.770558,2020-09-21 09:21:09.901342,Carhartt Men's Acrylic Watch Hat,Carhartt Sportswear - Mens,2,B002G9UDYG,AE7SSZYOT6UWUSBEJFS3K2RTRRTQ
428,AHJDQCYV3KCDVXKRXVPNNDI2IDYA,True,Great stocking stuffer,Soft,"October 8, 2019",Amazon Customer,5.0,0,https://www.amazon.ca/gp/profile/amzn1.account.AHJDQCYV3KCDVXKRXVPNNDI2IDYA/ref=cm_cr_getr_d_gw_btm?ie=UTF8,2020-09-21 09:21:09.905245,2020-09-21 09:21:10.038997,Carhartt Men's Acrylic Watch Hat,Carhartt Sportswear - Mens,2,B002G9UDYG,AE7SSZYOT6UWUSBEJFS3K2RTRRTQ
429,AGIDG4LNKVNVAR7OZKNBX2WW7BRQ,True,Sade buy,Its Carhartt...cant go wrong,"January 20, 2020",Smith,5.0,0,https://www.amazon.ca/gp/profile/amzn1.account.AGIDG4LNKVNVAR7OZKNBX2WW7BRQ/ref=cm_cr_getr_d_gw_btm?ie=UTF8,2020-09-21 09:21:10.042899,2020-09-21 09:21:10.174660,Carhartt Men's Acrylic Watch Hat,Carhartt Sportswear - Mens,2,B002G9UDYG,AE7SSZYOT6UWUSBEJFS3K2RTRRTQ
430,AFRZSR7R5RSKIXA2AB2JM7YZGQUQ,True,Cute hat,Great price. Hat looks great. Was a present and 14 year old daughter loved it. We ordered a second one for her 18 year old sister,"January 16, 2020",Jane Barrett,5.0,0,https://www.amazon.ca/gp/profile/amzn1.account.AFRZSR7R5RSKIXA2AB2JM7YZGQUQ/ref=cm_cr_getr_d_gw_btm?ie=UTF8,2020-09-21 09:21:13.314753,2020-09-21 09:21:13.450417,Carhartt Men's Acrylic Watch Hat,Carhartt Sportswear - Mens,2,B002G9UDYG,AE7SSZYOT6UWUSBEJFS3K2RTRRTQ
431,AF6EYNOETPPN655WZXZ7A4JAJPXA,True,Good toque for winter work.,Good quality and it will be warm this winter.,"November 8, 2018",Amazon Customer,5.0,0,https://www.amazon.ca/gp/profile/amzn1.account.AF6EYNOETPPN655WZXZ7A4JAJPXA/ref=cm_cr_getr_d_gw_btm?ie=UTF8,2020-09-21 09:21:13.454321,2020-09-21 09:21:13.581200,Carhartt Men's Acrylic Watch Hat,Carhartt Sportswear - Mens,2,B002G9UDYG,AE7SSZYOT6UWUSBEJFS3K2RTRRTQ
432,AEAB6V5KBIWNEX2SRVZZF66LHADQ,True,the best hat,"i adore this hat, it fits perfectly and could fit any sized head. i want more!!!!","August 30, 2020",drake ,5.0,0,https://www.amazon.ca/gp/profile/amzn1.account.AEAB6V5KBIWNEX2SRVZZF66LHADQ/ref=cm_cr_getr_d_gw_btm?ie=UTF8,2020-09-21 09:21:13.585105,2020-09-21 09:21:13.712961,Carhartt Men's Acrylic Watch Hat,Carhartt Sportswear - Mens,2,B002G9UDYG,AE7SSZYOT6UWUSBEJFS3K2RTRRTQ
433,AFMLA3UVK3DGRRWCGI3DHW27LBQQ,True,It fits nice and snug!,"Be careful when you wash it, just make sure you hand wash to keep that snug fit! It does fit a little small.","April 7, 2019",Yadwinder02,4.0,0,https://www.amazon.ca/gp/profile/amzn1.account.AFMLA3UVK3DGRRWCGI3DHW27LBQQ/ref=cm_cr_getr_d_gw_btm?ie=UTF8,2020-09-21 09:21:13.717863,2020-09-21 09:21:13.849600,Carhartt Men's Acrylic Watch Hat,Carhartt Sportswear - Mens,2,B002G9UDYG,AE7SSZYOT6UWUSBEJFS3K2RTRRTQ
434,AFETG7HP4C3R6UAUKZA3KXZJ7HPA,True,Very satisfied with my product!,The hat looks great! It is absolutely perfect! I highly recommend,"September 7, 2020",Cc,5.0,0,https://www.amazon.ca/gp/profile/amzn1.account.AFETG7HP4C3R6UAUKZA3KXZJ7HPA/ref=cm_cr_getr_d_gw_btm?ie=UTF8,2020-09-21 09:21:13.853505,2020-09-21 09:21:13.980385,Carhartt Men's Acrylic Watch Hat,Carhartt Sportswear - Mens,2,B002G9UDYG,AE7SSZYOT6UWUSBEJFS3K2RTRRTQ
435,AFXHIMC2CFXGYC6RMBHYL3C4DUGA,True,Too big,Too big for women's heads,"February 8, 2020",Chyenne & Dakotah,3.0,0,https://www.amazon.ca/gp/profile/amzn1.account.AFXHIMC2CFXGYC6RMBHYL3C4DUGA/ref=cm_cr_getr_d_gw_btm?ie=UTF8,2020-09-21 09:21:13.985264,2020-09-21 09:21:14.115072,Carhartt Men's Acrylic Watch Hat,Carhartt Sportswear - Mens,2,B002G9UDYG,AE7SSZYOT6UWUSBEJFS3K2RTRRTQ
436,AG7JDS7BHYT2PJABEGVO6QBC2QFQ,True,No,was too big and did not fit comfortably. it looked like a spike at the top and was squeezing my head.,"February 10, 2020",Jose,1.0,0,https://www.amazon.ca/gp/profile/amzn1.account.AG7JDS7BHYT2PJABEGVO6QBC2QFQ/ref=cm_cr_getr_d_gw_btm?ie=UTF8,2020-09-21 09:21:14.118975,2020-09-21 09:21:14.244881,Carhartt Men's Acrylic Watch Hat,Carhartt Sportswear - Mens,2,B002G9UDYG,AE7SSZYOT6UWUSBEJFS3K2RTRRTQ
437,AG2CEBIYDD4K4LQZMLH3DB23DVGQ,True,Nice,Good,"December 25, 2019",Alexandre,5.0,0,https://www.amazon.ca/gp/profile/amzn1.account.AG2CEBIYDD4K4LQZMLH3DB23DVGQ/ref=cm_cr_getr_d_gw_btm?ie=UTF8,2020-09-21 09:21:14.249761,2020-09-21 09:21:14.379567,Carhartt Men's Acrylic Watch Hat,Carhartt Sportswear - Mens,2,B002G9UDYG,AE7SSZYOT6UWUSBEJFS3K2RTRRTQ
438,AED4IBDG6VLCZU5EL2DPLN3SIK5Q,True,Good,That's good nice and warm,"April 6, 2019",Kirk lance,5.0,0,https://www.amazon.ca/gp/profile/amzn1.account.AED4IBDG6VLCZU5EL2DPLN3SIK5Q/ref=cm_cr_getr_d_gw_btm?ie=UTF8,2020-09-21 09:21:14.383472,2020-09-21 09:21:14.515230,Carhartt Men's Acrylic Watch Hat,Carhartt Sportswear - Mens,2,B002G9UDYG,AE7SSZYOT6UWUSBEJFS3K2RTRRTQ
439,AFBITLIU7YDAXYCN374WPPHRRISQ,True,👌🏼👌🏼,Keeps my head warm during the Canadian winter,"July 3, 2020",pablo,5.0,0,https://www.amazon.ca/gp/profile/amzn1.account.AFBITLIU7YDAXYCN374WPPHRRISQ/ref=cm_cr_getr_d_gw_btm?ie=UTF8,2020-09-21 09:21:14.520111,2020-09-21 09:21:14.648942,Carhartt Men's Acrylic Watch Hat,Carhartt Sportswear - Mens,2,B002G9UDYG,AE7SSZYOT6UWUSBEJFS3K2RTRRTQ
440,AHI4BC3UU2TBRVEFXIR3NRT345UQ,True,hat,xmas gift,"December 16, 2019",Amazon Customer,3.0,0,https://www.amazon.ca/gp/profile/amzn1.account.AHI4BC3UU2TBRVEFXIR3NRT345UQ/ref=cm_cr_getr_d_gw_btm?ie=UTF8,2020-09-21 09:21:17.769180,2020-09-21 09:21:17.920461,Carhartt Men's Acrylic Watch Hat,Carhartt Sportswear - Mens,2,B002G9UDYG,AE7SSZYOT6UWUSBEJFS3K2RTRRTQ
441,AE2RYUSEBHAYUH6KG2O2P7WHDJSQ,True,Good,Fantastic,"January 11, 2020",Angela,5.0,0,https://www.amazon.ca/gp/profile/amzn1.account.AE2RYUSEBHAYUH6KG2O2P7WHDJSQ/ref=cm_cr_getr_d_gw_btm?ie=UTF8,2020-09-21 09:21:17.925339,2020-09-21 09:21:18.057099,Carhartt Men's Acrylic Watch Hat,Carhartt Sportswear - Mens,2,B002G9UDYG,AE7SSZYOT6UWUSBEJFS3K2RTRRTQ
442,AEMDAIL7IWJYIKOVLNPJC2G24SEQ,True,very Nice,like it,"January 13, 2020",Alex G,5.0,0,https://www.amazon.ca/gp/profile/amzn1.account.AEMDAIL7IWJYIKOVLNPJC2G24SEQ/ref=cm_cr_getr_d_gw_btm?ie=UTF8,2020-09-21 09:21:18.061001,2020-09-21 09:21:18.194714,Carhartt Men's Acrylic Watch Hat,Carhartt Sportswear - Mens,2,B002G9UDYG,AE7SSZYOT6UWUSBEJFS3K2RTRRTQ
443,AEM2PNX4JCCL6J7JLLXC2CIXVFEQ,True,Very good,Very reasonable price. Quick delivery,"December 17, 2018",Cory W,5.0,0,https://www.amazon.ca/gp/profile/amzn1.account.AEM2PNX4JCCL6J7JLLXC2CIXVFEQ/ref=cm_cr_getr_d_gw_btm?ie=UTF8,2020-09-21 09:21:18.197641,2020-09-21 09:21:18.327450,Carhartt Men's Acrylic Watch Hat,Carhartt Sportswear - Mens,2,B002G9UDYG,AE7SSZYOT6UWUSBEJFS3K2RTRRTQ
444,AHE4LFT5NBFNR55TCHMKD7FHCMBQ,True,"Good at first then threads coming out, did not use it anymore.","Good at first then threads coming out, did not use it anymore.","March 24, 2020",Armando Leon,1.0,0,https://www.amazon.ca/gp/profile/amzn1.account.AHE4LFT5NBFNR55TCHMKD7FHCMBQ/ref=cm_cr_getr_d_gw_btm?ie=UTF8,2020-09-21 09:21:18.331354,2020-09-21 09:21:18.462137,Carhartt Men's Acrylic Watch Hat,Carhartt Sportswear - Mens,2,B002G9UDYG,AE7SSZYOT6UWUSBEJFS3K2RTRRTQ
445,AFVNJPRRIAYGWG6PMX6STNFXZAKA,True,New hat,Warm great looking hat,"February 6, 2020",Joy Wilson,5.0,0,https://www.amazon.ca/gp/profile/amzn1.account.AFVNJPRRIAYGWG6PMX6STNFXZAKA/ref=cm_cr_getr_d_gw_btm?ie=UTF8,2020-09-21 09:21:18.465066,2020-09-21 09:21:18.598801,Carhartt Men's Acrylic Watch Hat,Carhartt Sportswear - Mens,2,B002G9UDYG,AE7SSZYOT6UWUSBEJFS3K2RTRRTQ
446,AHNX5AQ2XQCAFKAG3HYE5ZK5AQ4A,True,Dark Green or Grey?,Hat fits great. a bit bigger than the dark brown one I bought of the same type. The colouring of this hat is a bit off. Looks more grey than dark green.,"November 25, 2019",Elizabeth,4.0,0,https://www.amazon.ca/gp/profile/amzn1.account.AHNX5AQ2XQCAFKAG3HYE5ZK5AQ4A/ref=cm_cr_getr_d_gw_btm?ie=UTF8,2020-09-21 09:21:18.602681,2020-09-21 09:21:18.732490,Carhartt Men's Acrylic Watch Hat,Carhartt Sportswear - Mens,2,B002G9UDYG,AE7SSZYOT6UWUSBEJFS3K2RTRRTQ
447,AEMHY5WNOKGHY6TCKHPPMT2V4N4Q,True,Carhartt toque,"Exactly as expected, great quality","November 2, 2019",Danielle,5.0,0,https://www.amazon.ca/gp/profile/amzn1.account.AEMHY5WNOKGHY6TCKHPPMT2V4N4Q/ref=cm_cr_getr_d_gw_btm?ie=UTF8,2020-09-21 09:21:18.737393,2020-09-21 09:21:18.868151,Carhartt Men's Acrylic Watch Hat,Carhartt Sportswear - Mens,2,B002G9UDYG,AE7SSZYOT6UWUSBEJFS3K2RTRRTQ
448,AE4KZ4O5AXN2PIAQPNUOJIVU3YUA,True,As described,Nice.,"November 25, 2019",Eilsel,5.0,0,https://www.amazon.ca/gp/profile/amzn1.account.AE4KZ4O5AXN2PIAQPNUOJIVU3YUA/ref=cm_cr_getr_d_gw_btm?ie=UTF8,2020-09-21 09:21:18.872056,2020-09-21 09:21:19.003815,Carhartt Men's Acrylic Watch Hat,Carhartt Sportswear - Mens,2,B002G9UDYG,AE7SSZYOT6UWUSBEJFS3K2RTRRTQ
449,AGXQL5WRTCFRUGIPDLTEYNPQHOMQ,True,Good value for the price,Good value,"July 10, 2019",Amazon Customer,5.0,0,https://www.amazon.ca/gp/profile/amzn1.account.AGXQL5WRTCFRUGIPDLTEYNPQHOMQ/ref=cm_cr_getr_d_gw_btm?ie=UTF8,2020-09-21 09:21:19.008695,2020-09-21 09:21:19.140454,Carhartt Men's Acrylic Watch Hat,Carhartt Sportswear - Mens,2,B002G9UDYG,AE7SSZYOT6UWUSBEJFS3K2RTRRTQ
450,AGAFXJJ3NPRI2YZW4PUF4YP2CC4A,True,Perfect,Perfect! Just as expected.,"February 22, 2020",Ridn247,5.0,0,https://www.amazon.ca/gp/profile/amzn1.account.AGAFXJJ3NPRI2YZW4PUF4YP2CC4A/ref=cm_cr_getr_d_gw_btm?ie=UTF8,2020-09-21 09:21:25.278755,2020-09-21 09:21:25.429988,Carhartt Men's Acrylic Watch Hat,Carhartt Sportswear - Mens,2,B002G9UDYG,AE7SSZYOT6UWUSBEJFS3K2RTRRTQ
451,AGMCFSH5AT3BVNRJRKZJYGTXWY6A,True,Recommandé,Très bon produit!,"May 14, 2019",Sébastien Cyr,4.0,0,https://www.amazon.ca/gp/profile/amzn1.account.AGMCFSH5AT3BVNRJRKZJYGTXWY6A/ref=cm_cr_getr_d_gw_btm?ie=UTF8,2020-09-21 09:21:25.433890,2020-09-21 09:21:25.556910,Carhartt Men's Acrylic Watch Hat,Carhartt Sportswear - Mens,2,B002G9UDYG,AE7SSZYOT6UWUSBEJFS3K2RTRRTQ
452,AF5IFVGIWW3CQLGBNTTVBY2DY7OQ,True,Perfect,Super comfortable and warm,"April 27, 2019",Samantha,5.0,0,https://www.amazon.ca/gp/profile/amzn1.account.AF5IFVGIWW3CQLGBNTTVBY2DY7OQ/ref=cm_cr_getr_d_gw_btm?ie=UTF8,2020-09-21 09:21:25.560814,2020-09-21 09:21:25.683790,Carhartt Men's Acrylic Watch Hat,Carhartt Sportswear - Mens,2,B002G9UDYG,AE7SSZYOT6UWUSBEJFS3K2RTRRTQ
453,AHUGDQ3HO5DQJRTGGCPNAUWZTFZA,True,Même description que l'article reçu,Vraiment bien comme tuque,"May 22, 2020",Laurence,5.0,0,https://www.amazon.ca/gp/profile/amzn1.account.AHUGDQ3HO5DQJRTGGCPNAUWZTFZA/ref=cm_cr_getr_d_gw_btm?ie=UTF8,2020-09-21 09:21:25.687694,2020-09-21 09:21:25.812622,Carhartt Men's Acrylic Watch Hat,Carhartt Sportswear - Mens,2,B002G9UDYG,AE7SSZYOT6UWUSBEJFS3K2RTRRTQ
454,AHJTJT5LMVVGYNCCBC4FFVA7V4OQ,True,Good buy for sure,"Good quality hat. Thick material. Covers my ears. Ive paid $40 for almost the same hat with a ""Vans"" logo on it. 13 bucks is very fair.","January 17, 2019",kody phillips,5.0,0,https://www.amazon.ca/gp/profile/amzn1.account.AHJTJT5LMVVGYNCCBC4FFVA7V4OQ/ref=cm_cr_getr_d_gw_btm?ie=UTF8,2020-09-21 09:21:25.816525,2020-09-21 09:21:25.940523,Carhartt Men's Acrylic Watch Hat,Carhartt Sportswear - Mens,2,B002G9UDYG,AE7SSZYOT6UWUSBEJFS3K2RTRRTQ
455,AFGR3PAQPYILR2LTKR2OV2TMB3WA,True,Ok,Ok toque. A little itchy and loose.,"December 14, 2018",Hill,4.0,0,https://www.amazon.ca/gp/profile/amzn1.account.AFGR3PAQPYILR2LTKR2OV2TMB3WA/ref=cm_cr_getr_d_gw_btm?ie=UTF8,2020-09-21 09:21:25.944427,2020-09-21 09:21:26.074236,Carhartt Men's Acrylic Watch Hat,Carhartt Sportswear - Mens,2,B002G9UDYG,AE7SSZYOT6UWUSBEJFS3K2RTRRTQ
456,AGJN2RBWUCL6XMBGT42FUXLBACCA,True,Good,Nice,"November 10, 2019",Amazon Customer,5.0,0,https://www.amazon.ca/gp/profile/amzn1.account.AGJN2RBWUCL6XMBGT42FUXLBACCA/ref=cm_cr_getr_d_gw_btm?ie=UTF8,2020-09-21 09:21:26.078138,2020-09-21 09:21:26.205019,Carhartt Men's Acrylic Watch Hat,Carhartt Sportswear - Mens,2,B002G9UDYG,AE7SSZYOT6UWUSBEJFS3K2RTRRTQ
457,AHFIMFR5K5GNRO4NCGZMNESXCQ6Q,True,Nice carhartt toque for the wife and I!,Nice carhartt toque for the wife and I!,"January 6, 2020",Taylor Shulda,5.0,0,https://www.amazon.ca/gp/profile/amzn1.account.AHFIMFR5K5GNRO4NCGZMNESXCQ6Q/ref=cm_cr_getr_d_gw_btm?ie=UTF8,2020-09-21 09:21:26.209898,2020-09-21 09:21:26.358284,Carhartt Men's Acrylic Watch Hat,Carhartt Sportswear - Mens,2,B002G9UDYG,AE7SSZYOT6UWUSBEJFS3K2RTRRTQ
458,AFNR75LDVZQAB773QUU4XMYO3I2A,True,Would.buy again,My husband like toque,"November 15, 2019",Amazon Customer,5.0,0,https://www.amazon.ca/gp/profile/amzn1.account.AFNR75LDVZQAB773QUU4XMYO3I2A/ref=cm_cr_getr_d_gw_btm?ie=UTF8,2020-09-21 09:21:26.363163,2020-09-21 09:21:26.481259,Carhartt Men's Acrylic Watch Hat,Carhartt Sportswear - Mens,2,B002G9UDYG,AE7SSZYOT6UWUSBEJFS3K2RTRRTQ
459,AG5NNP36OPWE7VRLQA622BZEOQYA,True,Carhartt doing what they do best,"As a tradesman it confuses me to see Carhartt toques become ""trendy"" but I'll still buy them anyway, because no matter what I'll always know who Carhartt's real demographic is.","November 14, 2018",Jayk Sterkenburg,5.0,0,https://www.amazon.ca/gp/profile/amzn1.account.AG5NNP36OPWE7VRLQA622BZEOQYA/ref=cm_cr_getr_d_gw_btm?ie=UTF8,2020-09-21 09:21:26.486139,2020-09-21 09:21:26.608195,Carhartt Men's Acrylic Watch Hat,Carhartt Sportswear - Mens,2,B002G9UDYG,AE7SSZYOT6UWUSBEJFS3K2RTRRTQ
460,AGKM5MUTAKZ6M4NWQP75MVI6F7UQ,True,Colour does match picture,Colour online shows bright yellow but more of an orange which I was not expecting.,"October 5, 2019",Andrew Fonseca,2.0,0,https://www.amazon.ca/gp/profile/amzn1.account.AGKM5MUTAKZ6M4NWQP75MVI6F7UQ/ref=cm_cr_getr_d_gw_btm?ie=UTF8,2020-09-21 09:21:31.741261,2020-09-21 09:21:31.892038,Carhartt Men's Acrylic Watch Hat,Carhartt Sportswear - Mens,2,B002G9UDYG,AE7SSZYOT6UWUSBEJFS3K2RTRRTQ
461,AEJBP3XPSZB6B7WLS6BA7QY6VG4Q,True,Great,Love the feel and fit,"December 4, 2019",Jennifer,5.0,0,https://www.amazon.ca/gp/profile/amzn1.account.AEJBP3XPSZB6B7WLS6BA7QY6VG4Q/ref=cm_cr_getr_d_gw_btm?ie=UTF8,2020-09-21 09:21:31.896919,2020-09-21 09:21:32.028340,Carhartt Men's Acrylic Watch Hat,Carhartt Sportswear - Mens,2,B002G9UDYG,AE7SSZYOT6UWUSBEJFS3K2RTRRTQ
462,AF6GFVODUZBTMJLZLHUFCJSTDHMA,True,Genuine to size! Looks great!,Great quality! My son loved it!,"January 15, 2019",Sherri Napier,5.0,0,https://www.amazon.ca/gp/profile/amzn1.account.AF6GFVODUZBTMJLZLHUFCJSTDHMA/ref=cm_cr_getr_d_gw_btm?ie=UTF8,2020-09-21 09:21:32.032245,2020-09-21 09:21:32.164106,Carhartt Men's Acrylic Watch Hat,Carhartt Sportswear - Mens,2,B002G9UDYG,AE7SSZYOT6UWUSBEJFS3K2RTRRTQ
463,AHH3VLTTOFFO3XJIHCHNVZI2H7GA,True,Thank u,It keeps me war,"May 14, 2019",Amazon Customer,5.0,0,https://www.amazon.ca/gp/profile/amzn1.account.AHH3VLTTOFFO3XJIHCHNVZI2H7GA/ref=cm_cr_getr_d_gw_btm?ie=UTF8,2020-09-21 09:21:32.168983,2020-09-21 09:21:32.300615,Carhartt Men's Acrylic Watch Hat,Carhartt Sportswear - Mens,2,B002G9UDYG,AE7SSZYOT6UWUSBEJFS3K2RTRRTQ
464,AGQYXTUD3FYSCQ7BQIL4DKGRP7DQ,True,Gift,No Comment a gift,"January 17, 2020",Val Salter,5.0,0,https://www.amazon.ca/gp/profile/amzn1.account.AGQYXTUD3FYSCQ7BQIL4DKGRP7DQ/ref=cm_cr_getr_d_gw_btm?ie=UTF8,2020-09-21 09:21:32.304519,2020-09-21 09:21:32.436279,Carhartt Men's Acrylic Watch Hat,Carhartt Sportswear - Mens,2,B002G9UDYG,AE7SSZYOT6UWUSBEJFS3K2RTRRTQ
465,AHTKTVQ6CQ3YUI6IYUO2PRK6ZWIA,True,They make a great product.,Great hat.,"March 10, 2020",Amazon Customer,5.0,0,https://www.amazon.ca/gp/profile/amzn1.account.AHTKTVQ6CQ3YUI6IYUO2PRK6ZWIA/ref=cm_cr_getr_d_gw_btm?ie=UTF8,2020-09-21 09:21:32.440182,2020-09-21 09:21:32.573512,Carhartt Men's Acrylic Watch Hat,Carhartt Sportswear - Mens,2,B002G9UDYG,AE7SSZYOT6UWUSBEJFS3K2RTRRTQ
466,AEOKNMJMTWMQIR2VBQSPZBY2MFHQ,True,Bright,Bought this as a secret Santa gift for my friend and she loved it. Came super fast and the colour was exactly as bright as advertised.,"December 25, 2019",Jsmalz,5.0,0,https://www.amazon.ca/gp/profile/amzn1.account.AEOKNMJMTWMQIR2VBQSPZBY2MFHQ/ref=cm_cr_getr_d_gw_btm?ie=UTF8,2020-09-21 09:21:32.578391,2020-09-21 09:21:32.708720,Carhartt Men's Acrylic Watch Hat,Carhartt Sportswear - Mens,2,B002G9UDYG,AE7SSZYOT6UWUSBEJFS3K2RTRRTQ
467,AFYXFQNBUF2FIPP6JCFGW4F43O5A,True,As expected,Well made good color,"November 7, 2019",Bruce S.,4.0,0,https://www.amazon.ca/gp/profile/amzn1.account.AFYXFQNBUF2FIPP6JCFGW4F43O5A/ref=cm_cr_getr_d_gw_btm?ie=UTF8,2020-09-21 09:21:32.713601,2020-09-21 09:21:32.847319,Carhartt Men's Acrylic Watch Hat,Carhartt Sportswear - Mens,2,B002G9UDYG,AE7SSZYOT6UWUSBEJFS3K2RTRRTQ
468,AH4XNAVVSAIXNMOBMJVLYS62S32Q,True,great color,warm,"December 19, 2019",Amazon Customer,5.0,0,https://www.amazon.ca/gp/profile/amzn1.account.AH4XNAVVSAIXNMOBMJVLYS62S32Q/ref=cm_cr_getr_d_gw_btm?ie=UTF8,2020-09-21 09:21:32.852199,2020-09-21 09:21:32.979110,Carhartt Men's Acrylic Watch Hat,Carhartt Sportswear - Mens,2,B002G9UDYG,AE7SSZYOT6UWUSBEJFS3K2RTRRTQ
469,AEUWAY27V2PF5IUWIXNTY3BIAPVQ,True,"I picked red, what you pick?","Its a warm and comfy Toque, looking back at the large colour options makes think of collecting a few more","February 9, 2020",Chasin Boniface,5.0,0,https://www.amazon.ca/gp/profile/amzn1.account.AEUWAY27V2PF5IUWIXNTY3BIAPVQ/ref=cm_cr_getr_d_gw_btm?ie=UTF8,2020-09-21 09:21:32.983990,2020-09-21 09:21:33.112859,Carhartt Men's Acrylic Watch Hat,Carhartt Sportswear - Mens,2,B002G9UDYG,AE7SSZYOT6UWUSBEJFS3K2RTRRTQ
470,AE3T3GZ46NHHFSZ4LHQZLW5P3WBQ,True,Great buy,"Warm, comfortable and fits like you want in a toque","February 4, 2020",Danielle Kostiuk,5.0,0,https://www.amazon.ca/gp/profile/amzn1.account.AE3T3GZ46NHHFSZ4LHQZLW5P3WBQ/ref=cm_cr_getr_d_gw_btm?ie=UTF8,2020-09-21 09:21:38.235920,2020-09-21 09:21:38.439983,Carhartt Men's Acrylic Watch Hat,Carhartt Sportswear - Mens,2,B002G9UDYG,AE7SSZYOT6UWUSBEJFS3K2RTRRTQ
471,AFWQE3AMCNSO4ZU4DA64NY4IPW4A,True,Parfait,Très bonne qualité,"December 11, 2019",Yan Forrest,5.0,0,https://www.amazon.ca/gp/profile/amzn1.account.AFWQE3AMCNSO4ZU4DA64NY4IPW4A/ref=cm_cr_getr_d_gw_btm?ie=UTF8,2020-09-21 09:21:38.443886,2020-09-21 09:21:38.567880,Carhartt Men's Acrylic Watch Hat,Carhartt Sportswear - Mens,2,B002G9UDYG,AE7SSZYOT6UWUSBEJFS3K2RTRRTQ
472,AEK72E3TMRI6SPPMW5QLNC5N7INA,True,Comfy hat,Bought matching hats for my husband and I and they are so soft and warm!,"February 29, 2020",Matt Carriere,4.0,0,https://www.amazon.ca/gp/profile/amzn1.account.AEK72E3TMRI6SPPMW5QLNC5N7INA/ref=cm_cr_getr_d_gw_btm?ie=UTF8,2020-09-21 09:21:38.572760,2020-09-21 09:21:38.700616,Carhartt Men's Acrylic Watch Hat,Carhartt Sportswear - Mens,2,B002G9UDYG,AE7SSZYOT6UWUSBEJFS3K2RTRRTQ
473,AFHF34323MYRKBYIN5M6ILKBM4JA,True,Hat will shrink,Don't put in dryer if u want to keep shape and size,"April 28, 2019",jarrett,4.0,0,https://www.amazon.ca/gp/profile/amzn1.account.AFHF34323MYRKBYIN5M6ILKBM4JA/ref=cm_cr_getr_d_gw_btm?ie=UTF8,2020-09-21 09:21:38.704520,2020-09-21 09:21:38.831429,Carhartt Men's Acrylic Watch Hat,Carhartt Sportswear - Mens,2,B002G9UDYG,AE7SSZYOT6UWUSBEJFS3K2RTRRTQ
474,AGQLHPPWE33IATCJZWXPPCTAAIOA,True,Great quality,Very warm and good price,"December 5, 2019",Amazon Customer,5.0,0,https://www.amazon.ca/gp/profile/amzn1.account.AGQLHPPWE33IATCJZWXPPCTAAIOA/ref=cm_cr_getr_d_gw_btm?ie=UTF8,2020-09-21 09:21:38.836313,2020-09-21 09:21:38.961241,Carhartt Men's Acrylic Watch Hat,Carhartt Sportswear - Mens,2,B002G9UDYG,AE7SSZYOT6UWUSBEJFS3K2RTRRTQ
475,AHN2ALFPDXPIM7AWG2CUIF6HO3TQ,True,Good price,Fits nice,"November 1, 2019",Johnny,5.0,0,https://www.amazon.ca/gp/profile/amzn1.account.AHN2ALFPDXPIM7AWG2CUIF6HO3TQ/ref=cm_cr_getr_d_gw_btm?ie=UTF8,2020-09-21 09:21:38.966121,2020-09-21 09:21:39.097888,Carhartt Men's Acrylic Watch Hat,Carhartt Sportswear - Mens,2,B002G9UDYG,AE7SSZYOT6UWUSBEJFS3K2RTRRTQ
476,AG4O7JU6CVMNAIMVR44C4GAGHDZQ,True,Five Stars,Good fit and warm. Fit snug but not too snug. Would purchase again.,"February 27, 2018",Robert,5.0,0,https://www.amazon.ca/gp/profile/amzn1.account.AG4O7JU6CVMNAIMVR44C4GAGHDZQ/ref=cm_cr_getr_d_gw_btm?ie=UTF8,2020-09-21 09:21:39.101791,2020-09-21 09:21:39.232575,Carhartt Men's Acrylic Watch Hat,Carhartt Sportswear - Mens,2,B002G9UDYG,AE7SSZYOT6UWUSBEJFS3K2RTRRTQ
477,AGKMMCGOM63HBGXVGEKEAXREDUUA,True,but some may like,"lots of floppy extra room at the top, not my style, but some may like that","November 19, 2017",BAGL,3.0,0,https://www.amazon.ca/gp/profile/amzn1.account.AGKMMCGOM63HBGXVGEKEAXREDUUA/ref=cm_cr_getr_d_gw_btm?ie=UTF8,2020-09-21 09:21:39.236480,2020-09-21 09:21:39.366288,Carhartt Men's Acrylic Watch Hat,Carhartt Sportswear - Mens,2,B002G9UDYG,AE7SSZYOT6UWUSBEJFS3K2RTRRTQ
478,AF6W3Q2SUXJQFR6KKYICUVIBOH2A,True,Poor quality,A hole appeared on the top after a few months’ use as the stitches gave in and the fabric frayed.,"January 4, 2020",Hans Jonasson,1.0,0,https://www.amazon.ca/gp/profile/amzn1.account.AF6W3Q2SUXJQFR6KKYICUVIBOH2A/ref=cm_cr_getr_d_gw_btm?ie=UTF8,2020-09-21 09:21:39.371192,2020-09-21 09:21:39.500975,Carhartt Men's Acrylic Watch Hat,Carhartt Sportswear - Mens,2,B002G9UDYG,AE7SSZYOT6UWUSBEJFS3K2RTRRTQ
479,AHJTFKYWXZRLOXE7GYEM73BXPUMQ,True,comfy - snug fit,love the colour - the fit was like my other carhardtt hats - snug and tall at the top.,"January 14, 2019",teveritt4,5.0,0,https://www.amazon.ca/gp/profile/amzn1.account.AHJTFKYWXZRLOXE7GYEM73BXPUMQ/ref=cm_cr_getr_d_gw_btm?ie=UTF8,2020-09-21 09:21:39.505855,2020-09-21 09:21:39.635663,Carhartt Men's Acrylic Watch Hat,Carhartt Sportswear - Mens,2,B002G9UDYG,AE7SSZYOT6UWUSBEJFS3K2RTRRTQ
480,AFD7TBNT5AV6YZOS63K7VKIKBSNQ,True,Warm hat,Fits as expected. Color is bang on. Pretty warm,"January 30, 2020",Zo,5.0,0,https://www.amazon.ca/gp/profile/amzn1.account.AFD7TBNT5AV6YZOS63K7VKIKBSNQ/ref=cm_cr_getr_d_gw_btm?ie=UTF8,2020-09-21 09:21:43.767941,2020-09-21 09:21:43.898766,Carhartt Men's Acrylic Watch Hat,Carhartt Sportswear - Mens,2,B002G9UDYG,AE7SSZYOT6UWUSBEJFS3K2RTRRTQ
481,AHP6J5J7EZHD3DEJBDBN73DEKKWQ,True,"Yeah, it's a Dope Beanie.","Awesome colour, great beanie, 10/10 would buy again in more colors","January 26, 2018",DeSilva,5.0,0,https://www.amazon.ca/gp/profile/amzn1.account.AHP6J5J7EZHD3DEJBDBN73DEKKWQ/ref=cm_cr_getr_d_gw_btm?ie=UTF8,2020-09-21 09:21:43.902669,2020-09-21 09:21:44.025644,Carhartt Men's Acrylic Watch Hat,Carhartt Sportswear - Mens,2,B002G9UDYG,AE7SSZYOT6UWUSBEJFS3K2RTRRTQ
482,AEA3PUKLRXFFLNUJ3F72LW66MSRA,True,Five Stars,"great material, holds up to the Arctic cold in northern Canada!","February 28, 2018",erin,5.0,0,https://www.amazon.ca/gp/profile/amzn1.account.AEA3PUKLRXFFLNUJ3F72LW66MSRA/ref=cm_cr_getr_d_gw_btm?ie=UTF8,2020-09-21 09:21:44.029549,2020-09-21 09:21:44.149596,Carhartt Men's Acrylic Watch Hat,Carhartt Sportswear - Mens,2,B002G9UDYG,AE7SSZYOT6UWUSBEJFS3K2RTRRTQ
483,AGMJKVYEEIF5K4O2C6ZIESR6H4KA,True,comfort et chaleur,beau produit de qualité,"February 14, 2019",Marcel Bourdeau,5.0,0,https://www.amazon.ca/gp/profile/amzn1.account.AGMJKVYEEIF5K4O2C6ZIESR6H4KA/ref=cm_cr_getr_d_gw_btm?ie=UTF8,2020-09-21 09:21:44.154477,2020-09-21 09:21:44.279405,Carhartt Men's Acrylic Watch Hat,Carhartt Sportswear - Mens,2,B002G9UDYG,AE7SSZYOT6UWUSBEJFS3K2RTRRTQ
484,AHMWUPZ2MW7PHZY52BTM3DW4WQ2Q,True,Warm,Warm and durable,"December 5, 2019",Al long,5.0,0,https://www.amazon.ca/gp/profile/amzn1.account.AHMWUPZ2MW7PHZY52BTM3DW4WQ2Q/ref=cm_cr_getr_d_gw_btm?ie=UTF8,2020-09-21 09:21:44.284284,2020-09-21 09:21:44.406284,Carhartt Men's Acrylic Watch Hat,Carhartt Sportswear - Mens,2,B002G9UDYG,AE7SSZYOT6UWUSBEJFS3K2RTRRTQ
485,AGI3NE3VKZBHEDD6GUC23QYJJGHA,True,Great Hat!,Fits well. Just as expected.,"January 15, 2020",KM,5.0,0,https://www.amazon.ca/gp/profile/amzn1.account.AGI3NE3VKZBHEDD6GUC23QYJJGHA/ref=cm_cr_getr_d_gw_btm?ie=UTF8,2020-09-21 09:21:44.410188,2020-09-21 09:21:44.537092,Carhartt Men's Acrylic Watch Hat,Carhartt Sportswear - Mens,2,B002G9UDYG,AE7SSZYOT6UWUSBEJFS3K2RTRRTQ
486,AE5NUPABGL22IY3KPKFAGLRNZJCQ,True,Not what I expected,This dark grey comes as almost a black wouldn’t recommend unless your looking for really dark,"August 27, 2020",Rachel,3.0,0,https://www.amazon.ca/gp/profile/amzn1.account.AE5NUPABGL22IY3KPKFAGLRNZJCQ/ref=cm_cr_getr_d_gw_btm?ie=UTF8,2020-09-21 09:21:44.540972,2020-09-21 09:21:44.664923,Carhartt Men's Acrylic Watch Hat,Carhartt Sportswear - Mens,2,B002G9UDYG,AE7SSZYOT6UWUSBEJFS3K2RTRRTQ
487,AELAOFJL24HHSBUFTD6PFNGR7LPA,True,Great,Just what I expected,"April 7, 2019",Amazon Customer,5.0,0,https://www.amazon.ca/gp/profile/amzn1.account.AELAOFJL24HHSBUFTD6PFNGR7LPA/ref=cm_cr_getr_d_gw_btm?ie=UTF8,2020-09-21 09:21:44.668826,2020-09-21 09:21:44.797659,Carhartt Men's Acrylic Watch Hat,Carhartt Sportswear - Mens,2,B002G9UDYG,AE7SSZYOT6UWUSBEJFS3K2RTRRTQ
488,AFEIE3KK42Y3PFMBZ754WGWUVJLQ,True,It's a buy fits as expected and soft,My husband likes it a lot,"January 8, 2019",Lea,5.0,0,https://www.amazon.ca/gp/profile/amzn1.account.AFEIE3KK42Y3PFMBZ754WGWUVJLQ/ref=cm_cr_getr_d_gw_btm?ie=UTF8,2020-09-21 09:21:44.802539,2020-09-21 09:21:44.929419,Carhartt Men's Acrylic Watch Hat,Carhartt Sportswear - Mens,2,B002G9UDYG,AE7SSZYOT6UWUSBEJFS3K2RTRRTQ
489,AGKNNN4LTPJ3TLP75ITATVMYQU6Q,True,ATTN: Road / Construction workers,nice toque...colour matches the sweatshirt,"October 26, 2018",The Nannygoat,5.0,0,https://www.amazon.ca/gp/profile/amzn1.account.AGKNNN4LTPJ3TLP75ITATVMYQU6Q/ref=cm_cr_getr_d_gw_btm?ie=UTF8,2020-09-21 09:21:44.933322,2020-09-21 09:21:45.059225,Carhartt Men's Acrylic Watch Hat,Carhartt Sportswear - Mens,2,B002G9UDYG,AE7SSZYOT6UWUSBEJFS3K2RTRRTQ
490,AEVZV7OG7PFJ5GTWHGZF66C56DGA,True,Large,Colour was great as described,"November 16, 2018",shan,4.0,0,https://www.amazon.ca/gp/profile/amzn1.account.AEVZV7OG7PFJ5GTWHGZF66C56DGA/ref=cm_cr_getr_d_gw_btm?ie=UTF8,2020-09-21 09:21:48.203020,2020-09-21 09:21:48.331852,Carhartt Men's Acrylic Watch Hat,Carhartt Sportswear - Mens,2,B002G9UDYG,AE7SSZYOT6UWUSBEJFS3K2RTRRTQ
491,AGMCJPAZRGF54WOX4A2ID33XOPTQ,True,Love!,I wear this hat every day,"March 9, 2019",Amazon Customer,5.0,0,https://www.amazon.ca/gp/profile/amzn1.account.AGMCJPAZRGF54WOX4A2ID33XOPTQ/ref=cm_cr_getr_d_gw_btm?ie=UTF8,2020-09-21 09:21:48.335754,2020-09-21 09:21:48.458730,Carhartt Men's Acrylic Watch Hat,Carhartt Sportswear - Mens,2,B002G9UDYG,AE7SSZYOT6UWUSBEJFS3K2RTRRTQ
492,AHNPPAEYSGVUZ3YRPA6RFG7QLT4A,True,Perfect!,Perfect! Looks great!,"February 7, 2019",Rachel sterling,5.0,0,https://www.amazon.ca/gp/profile/amzn1.account.AHNPPAEYSGVUZ3YRPA6RFG7QLT4A/ref=cm_cr_getr_d_gw_btm?ie=UTF8,2020-09-21 09:21:48.462633,2020-09-21 09:21:48.587562,Carhartt Men's Acrylic Watch Hat,Carhartt Sportswear - Mens,2,B002G9UDYG,AE7SSZYOT6UWUSBEJFS3K2RTRRTQ
493,AHARWAB5HSELRVQHXP3ZHIXAMU5A,True,Five Stars,My son loves these hats and has several colours.,"June 14, 2018",Tereka Smith,5.0,0,https://www.amazon.ca/gp/profile/amzn1.account.AHARWAB5HSELRVQHXP3ZHIXAMU5A/ref=cm_cr_getr_d_gw_btm?ie=UTF8,2020-09-21 09:21:48.591465,2020-09-21 09:21:48.717399,Carhartt Men's Acrylic Watch Hat,Carhartt Sportswear - Mens,2,B002G9UDYG,AE7SSZYOT6UWUSBEJFS3K2RTRRTQ
494,AH3J4DAD6W2ZHRXQMWJSM6E4LCIQ,True,Love it,Fits perfectly. Very pleased,"January 7, 2019",Danny F,5.0,0,https://www.amazon.ca/gp/profile/amzn1.account.AH3J4DAD6W2ZHRXQMWJSM6E4LCIQ/ref=cm_cr_getr_d_gw_btm?ie=UTF8,2020-09-21 09:21:48.722280,2020-09-21 09:21:48.848192,Carhartt Men's Acrylic Watch Hat,Carhartt Sportswear - Mens,2,B002G9UDYG,AE7SSZYOT6UWUSBEJFS3K2RTRRTQ
495,AF4HICRNOZSZ4BB2GMCL6RTB6XWA,True,Great,Partner really likes it!,"January 3, 2019",MD,5.0,0,https://www.amazon.ca/gp/profile/amzn1.account.AF4HICRNOZSZ4BB2GMCL6RTB6XWA/ref=cm_cr_getr_d_gw_btm?ie=UTF8,2020-09-21 09:21:48.853072,2020-09-21 09:21:48.978975,Carhartt Men's Acrylic Watch Hat,Carhartt Sportswear - Mens,2,B002G9UDYG,AE7SSZYOT6UWUSBEJFS3K2RTRRTQ
496,AHDK67AVBIG7M6Z2MXNIJ3XOS6TQ,True,COMFY HAT ever,So comfy!! Definitely recommend buying. Just make sure that you're buying from Carhartt or Amazon.ca,"May 1, 2020",Michelle Coderre,5.0,0,https://www.amazon.ca/gp/profile/amzn1.account.AHDK67AVBIG7M6Z2MXNIJ3XOS6TQ/ref=cm_cr_getr_d_gw_btm?ie=UTF8,2020-09-21 09:21:48.982879,2020-09-21 09:21:49.105916,Carhartt Men's Acrylic Watch Hat,Carhartt Sportswear - Mens,2,B002G9UDYG,AE7SSZYOT6UWUSBEJFS3K2RTRRTQ
497,AHURSW74VJ7I7EFUTTO3RXHT4VFA,True,as expected,"it's warm, it's soft, it's comfy, worth it","February 3, 2020",Amazon Customer,5.0,0,https://www.amazon.ca/gp/profile/amzn1.account.AHURSW74VJ7I7EFUTTO3RXHT4VFA/ref=cm_cr_getr_d_gw_btm?ie=UTF8,2020-09-21 09:21:49.109819,2020-09-21 09:21:49.233771,Carhartt Men's Acrylic Watch Hat,Carhartt Sportswear - Mens,2,B002G9UDYG,AE7SSZYOT6UWUSBEJFS3K2RTRRTQ
498,AER7TSZQ4VUXVXIBPXWYNSCM2WUA,True,Bad quality,Is ok but not good quality...,"April 1, 2020",oscar novoa,4.0,0,https://www.amazon.ca/gp/profile/amzn1.account.AER7TSZQ4VUXVXIBPXWYNSCM2WUA/ref=cm_cr_getr_d_gw_btm?ie=UTF8,2020-09-21 09:21:49.238650,2020-09-21 09:21:49.366506,Carhartt Men's Acrylic Watch Hat,Carhartt Sportswear - Mens,2,B002G9UDYG,AE7SSZYOT6UWUSBEJFS3K2RTRRTQ
499,AGCURNTOQIBQ52A7GUGUICYY6ZGA,True,Very warm!,Very comfortable and warm hat! Fits great!,"January 15, 2019",curly333,5.0,0,https://www.amazon.ca/gp/profile/amzn1.account.AGCURNTOQIBQ52A7GUGUICYY6ZGA/ref=cm_cr_getr_d_gw_btm?ie=UTF8,2020-09-21 09:21:49.370411,2020-09-21 09:21:49.501232,Carhartt Men's Acrylic Watch Hat,Carhartt Sportswear - Mens,2,B002G9UDYG,AE7SSZYOT6UWUSBEJFS3K2RTRRTQ
500,AHCIB7CVE3K4YDEZ57MD7RXTAYRA,True,Cute hat,Cute hat and got a lot of compliments on it.,"September 6, 2020",Customer ,5.0,0,https://www.amazon.ca/gp/profile/amzn1.account.AHCIB7CVE3K4YDEZ57MD7RXTAYRA/ref=cm_cr_getr_d_gw_btm?ie=UTF8,2020-09-21 09:21:52.644432,2020-09-21 09:21:52.802544,Carhartt Men's Acrylic Watch Hat,Carhartt Sportswear - Mens,2,B002G9UDYG,AE7SSZYOT6UWUSBEJFS3K2RTRRTQ
501,AFKYPHOZHOOJZBPWMBEYIX2O5HTA,True,tight,"I love it, its just a little tight but then again that's how its supposed to be I just stretched mine out and now its perfect.","December 29, 2019",Emma Wilson,5.0,0,https://www.amazon.ca/gp/profile/amzn1.account.AFKYPHOZHOOJZBPWMBEYIX2O5HTA/ref=cm_cr_getr_d_gw_btm?ie=UTF8,2020-09-21 09:21:52.806449,2020-09-21 09:21:52.928449,Carhartt Men's Acrylic Watch Hat,Carhartt Sportswear - Mens,2,B002G9UDYG,AE7SSZYOT6UWUSBEJFS3K2RTRRTQ
502,AEPNTITYMC4PWFGEEJJNHOIFZ4RA,True,bel achat,tel que la description,"January 12, 2019",Client d'Amazon,5.0,0,https://www.amazon.ca/gp/profile/amzn1.account.AEPNTITYMC4PWFGEEJJNHOIFZ4RA/ref=cm_cr_getr_d_gw_btm?ie=UTF8,2020-09-21 09:21:52.932353,2020-09-21 09:21:53.058255,Carhartt Men's Acrylic Watch Hat,Carhartt Sportswear - Mens,2,B002G9UDYG,AE7SSZYOT6UWUSBEJFS3K2RTRRTQ
503,AGGX77RTJQNSW2PFPNTLGTY7A7NA,True,Doesn't fit good,It is a tight fit u find. Slides up off of head constantly. I don't fond it fits my husband or my head well.,"March 1, 2020",lindsay,3.0,0,https://www.amazon.ca/gp/profile/amzn1.account.AGGX77RTJQNSW2PFPNTLGTY7A7NA/ref=cm_cr_getr_d_gw_btm?ie=UTF8,2020-09-21 09:21:53.063135,2020-09-21 09:21:53.193920,Carhartt Men's Acrylic Watch Hat,Carhartt Sportswear - Mens,2,B002G9UDYG,AE7SSZYOT6UWUSBEJFS3K2RTRRTQ
504,AFQ6J53KPAHVSAT3R4PLTG6YL5TA,True,Can’t wait to get more!,Fantastic! Toques don’t normally look good on me but something about this fit and style makes it so easy.,"January 22, 2020",Stephanie,5.0,0,https://www.amazon.ca/gp/profile/amzn1.account.AFQ6J53KPAHVSAT3R4PLTG6YL5TA/ref=cm_cr_getr_d_gw_btm?ie=UTF8,2020-09-21 09:21:53.197824,2020-09-21 09:21:53.321804,Carhartt Men's Acrylic Watch Hat,Carhartt Sportswear - Mens,2,B002G9UDYG,AE7SSZYOT6UWUSBEJFS3K2RTRRTQ
505,AHK3EIH5XGUICEKPUSUVDYHUV35Q,True,Love,Love so warm,"May 1, 2019",Gloria Sooley,5.0,0,https://www.amazon.ca/gp/profile/amzn1.account.AHK3EIH5XGUICEKPUSUVDYHUV35Q/ref=cm_cr_getr_d_gw_btm?ie=UTF8,2020-09-21 09:21:53.325708,2020-09-21 09:21:53.450665,Carhartt Men's Acrylic Watch Hat,Carhartt Sportswear - Mens,2,B002G9UDYG,AE7SSZYOT6UWUSBEJFS3K2RTRRTQ
506,AE7EANQEJ7FVZP5EKGF7DLBTFCIA,True,pretty good,good beanie,"January 5, 2020",buyingstufftoday,5.0,0,https://www.amazon.ca/gp/profile/amzn1.account.AE7EANQEJ7FVZP5EKGF7DLBTFCIA/ref=cm_cr_getr_d_gw_btm?ie=UTF8,2020-09-21 09:21:53.455545,2020-09-21 09:21:53.579523,Carhartt Men's Acrylic Watch Hat,Carhartt Sportswear - Mens,2,B002G9UDYG,AE7SSZYOT6UWUSBEJFS3K2RTRRTQ
507,AFKIQB2IWJFR3POKOIRTF63NUF2A,True,Fast shipping great product,"Good quality, I really like my purchase.","January 1, 2020",Hector L Perez G,5.0,0,https://www.amazon.ca/gp/profile/amzn1.account.AFKIQB2IWJFR3POKOIRTF63NUF2A/ref=cm_cr_getr_d_gw_btm?ie=UTF8,2020-09-21 09:21:53.583401,2020-09-21 09:21:53.710293,Carhartt Men's Acrylic Watch Hat,Carhartt Sportswear - Mens,2,B002G9UDYG,AE7SSZYOT6UWUSBEJFS3K2RTRRTQ
508,AHSMZUKXGJJCJOX7DWCODOJYPPXA,True,Quality and size perfect,"this is awesome, I always wear Carhartt, I never be disappointed best ever.
Just the delivery for this article is super slow, but I m patient because it's worth it.","December 22, 2018",ju,5.0,0,https://www.amazon.ca/gp/profile/amzn1.account.AHSMZUKXGJJCJOX7DWCODOJYPPXA/ref=cm_cr_getr_d_gw_btm?ie=UTF8,2020-09-21 09:21:53.715173,2020-09-21 09:21:53.846932,Carhartt Men's Acrylic Watch Hat,Carhartt Sportswear - Mens,2,B002G9UDYG,AE7SSZYOT6UWUSBEJFS3K2RTRRTQ
509,AEYIPOSWIQJPNQKG27P6ELNEY7OA,True,Perfect,"Very warm and cozy, I wear it all the time! Colour is accurate to photo.","December 11, 2019",Miriam de Goeij,5.0,0,https://www.amazon.ca/gp/profile/amzn1.account.AEYIPOSWIQJPNQKG27P6ELNEY7OA/ref=cm_cr_getr_d_gw_btm?ie=UTF8,2020-09-21 09:21:53.851811,2020-09-21 09:21:53.980643,Carhartt Men's Acrylic Watch Hat,Carhartt Sportswear - Mens,2,B002G9UDYG,AE7SSZYOT6UWUSBEJFS3K2RTRRTQ
510,AHDRNA6ACHAC3CPCVGHR2VLUYKCA,True,Awesome!,"Awesome Toque, very warm. Liked it so much I bought another in burgundy.","April 16, 2018",Roy Polvorosa,5.0,0,https://www.amazon.ca/gp/profile/amzn1.account.AHDRNA6ACHAC3CPCVGHR2VLUYKCA/ref=cm_cr_getr_d_gw_btm?ie=UTF8,2020-09-21 09:21:57.101885,2020-09-21 09:21:57.305868,Carhartt Men's Acrylic Watch Hat,Carhartt Sportswear - Mens,2,B002G9UDYG,AE7SSZYOT6UWUSBEJFS3K2RTRRTQ
511,AEHDG6WBSHTWMG7HAQXAEVLAS2DA,True,Excellent product,I am very satisfied with the product,"September 30, 2018",Carroll Reardon,5.0,0,https://www.amazon.ca/gp/profile/amzn1.account.AEHDG6WBSHTWMG7HAQXAEVLAS2DA/ref=cm_cr_getr_d_gw_btm?ie=UTF8,2020-09-21 09:21:57.309772,2020-09-21 09:21:57.436652,Carhartt Men's Acrylic Watch Hat,Carhartt Sportswear - Mens,2,B002G9UDYG,AE7SSZYOT6UWUSBEJFS3K2RTRRTQ
512,AF7FZGZISLALGE35X5GMWW755SVQ,True,"Warm, comfortable",Looks great,"September 1, 2020",Sawsaw,5.0,0,https://www.amazon.ca/gp/profile/amzn1.account.AF7FZGZISLALGE35X5GMWW755SVQ/ref=cm_cr_getr_d_gw_btm?ie=UTF8,2020-09-21 09:21:57.440555,2020-09-21 09:21:57.567435,Carhartt Men's Acrylic Watch Hat,Carhartt Sportswear - Mens,2,B002G9UDYG,AE7SSZYOT6UWUSBEJFS3K2RTRRTQ
513,AHFQMOIE3RA6MX4LC36FAPJNCYSQ,True,great purchase,"fits well, good price.","January 13, 2019",Nadine Lanz,5.0,0,https://www.amazon.ca/gp/profile/amzn1.account.AHFQMOIE3RA6MX4LC36FAPJNCYSQ/ref=cm_cr_getr_d_gw_btm?ie=UTF8,2020-09-21 09:21:57.571340,2020-09-21 09:21:57.697243,Carhartt Men's Acrylic Watch Hat,Carhartt Sportswear - Mens,2,B002G9UDYG,AE7SSZYOT6UWUSBEJFS3K2RTRRTQ
514,AE4HHDWOZFXP72A4YHHKKJDQMECQ,True,Fits perfectly,Definitely suggest this hat,"November 12, 2019",Melissa,5.0,0,https://www.amazon.ca/gp/profile/amzn1.account.AE4HHDWOZFXP72A4YHHKKJDQMECQ/ref=cm_cr_getr_d_gw_btm?ie=UTF8,2020-09-21 09:21:57.701148,2020-09-21 09:21:57.829003,Carhartt Men's Acrylic Watch Hat,Carhartt Sportswear - Mens,2,B002G9UDYG,AE7SSZYOT6UWUSBEJFS3K2RTRRTQ
515,AFER6I6OOLQ3DQYIOEQ7DIDN62MQ,True,Great order,"Love it, great quality","January 26, 2020",Morgan,5.0,0,https://www.amazon.ca/gp/profile/amzn1.account.AFER6I6OOLQ3DQYIOEQ7DIDN62MQ/ref=cm_cr_getr_d_gw_btm?ie=UTF8,2020-09-21 09:21:57.833883,2020-09-21 09:21:57.963690,Carhartt Men's Acrylic Watch Hat,Carhartt Sportswear - Mens,2,B002G9UDYG,AE7SSZYOT6UWUSBEJFS3K2RTRRTQ
516,AGGXKSLTJK247TFRUYWE24C7DOWQ,True,Love!,"Fit perfect, came on time!","October 29, 2018",Amazon Customer,5.0,0,https://www.amazon.ca/gp/profile/amzn1.account.AGGXKSLTJK247TFRUYWE24C7DOWQ/ref=cm_cr_getr_d_gw_btm?ie=UTF8,2020-09-21 09:21:57.967595,2020-09-21 09:21:58.097403,Carhartt Men's Acrylic Watch Hat,Carhartt Sportswear - Mens,2,B002G9UDYG,AE7SSZYOT6UWUSBEJFS3K2RTRRTQ
517,AHH2FSN3KAH6X2ZJOZJYOFJZAB3A,True,Warm and comfortable,Nice and warm. Well made. Would recommend,"July 3, 2020",Tyler mayer,5.0,0,https://www.amazon.ca/gp/profile/amzn1.account.AHH2FSN3KAH6X2ZJOZJYOFJZAB3A/ref=cm_cr_getr_d_gw_btm?ie=UTF8,2020-09-21 09:21:58.100330,2020-09-21 09:21:58.230138,Carhartt Men's Acrylic Watch Hat,Carhartt Sportswear - Mens,2,B002G9UDYG,AE7SSZYOT6UWUSBEJFS3K2RTRRTQ
518,AEXHXUXJEWRXECVOYNTA5HVPSVPQ,True,Love it,Awesome thick toque as expected,"January 6, 2020",Nicole,5.0,0,https://www.amazon.ca/gp/profile/amzn1.account.AEXHXUXJEWRXECVOYNTA5HVPSVPQ/ref=cm_cr_getr_d_gw_btm?ie=UTF8,2020-09-21 09:21:58.234042,2020-09-21 09:21:58.364825,Carhartt Men's Acrylic Watch Hat,Carhartt Sportswear - Mens,2,B002G9UDYG,AE7SSZYOT6UWUSBEJFS3K2RTRRTQ
519,AFDJ6WLWFJ65XFFIPKCIRDITNIRQ,True,Warm as hell,stitching on the top is a little funny but my head is warm so who cares,"November 25, 2019",Aly,4.0,0,https://www.amazon.ca/gp/profile/amzn1.account.AFDJ6WLWFJ65XFFIPKCIRDITNIRQ/ref=cm_cr_getr_d_gw_btm?ie=UTF8,2020-09-21 09:21:58.368730,2020-09-21 09:21:58.495655,Carhartt Men's Acrylic Watch Hat,Carhartt Sportswear - Mens,2,B002G9UDYG,AE7SSZYOT6UWUSBEJFS3K2RTRRTQ
520,AE4624UYEO6SBWE4XPUOJYEJLKAQ,True,Recommended purchase,Arrived quickly. Will make great Christmas gift. Very well made.,"December 5, 2018",Amazon Customer,4.0,0,https://www.amazon.ca/gp/profile/amzn1.account.AE4624UYEO6SBWE4XPUOJYEJLKAQ/ref=cm_cr_getr_d_gw_btm?ie=UTF8,2020-09-21 09:22:02.614740,2020-09-21 09:22:02.790426,Carhartt Men's Acrylic Watch Hat,Carhartt Sportswear - Mens,2,B002G9UDYG,AE7SSZYOT6UWUSBEJFS3K2RTRRTQ
521,AERJVMLCDD6IWEYFATTJUXFGRDBQ,True,Four Stars,love it i stream with it with my entire carhart outfit,"February 20, 2018",SPAZiNZ,4.0,0,https://www.amazon.ca/gp/profile/amzn1.account.AERJVMLCDD6IWEYFATTJUXFGRDBQ/ref=cm_cr_getr_d_gw_btm?ie=UTF8,2020-09-21 09:22:02.795306,2020-09-21 09:22:02.976840,Carhartt Men's Acrylic Watch Hat,Carhartt Sportswear - Mens,2,B002G9UDYG,AE7SSZYOT6UWUSBEJFS3K2RTRRTQ
522,AE4LEKS5PZHFL7HLQI73HDMUBVTA,True,Warm touque,Very nice product,"November 14, 2019",Mariana Fonseca,5.0,0,https://www.amazon.ca/gp/profile/amzn1.account.AE4LEKS5PZHFL7HLQI73HDMUBVTA/ref=cm_cr_getr_d_gw_btm?ie=UTF8,2020-09-21 09:22:02.981720,2020-09-21 09:22:03.106694,Carhartt Men's Acrylic Watch Hat,Carhartt Sportswear - Mens,2,B002G9UDYG,AE7SSZYOT6UWUSBEJFS3K2RTRRTQ
523,AGPDI4DJHMYG7PYIWGJUIII5CMTQ,True,Tight but good quality,Very good quality. A little tight in the head.,"December 27, 2019",Melissa,5.0,0,https://www.amazon.ca/gp/profile/amzn1.account.AGPDI4DJHMYG7PYIWGJUIII5CMTQ/ref=cm_cr_getr_d_gw_btm?ie=UTF8,2020-09-21 09:22:03.110595,2020-09-21 09:22:03.236531,Carhartt Men's Acrylic Watch Hat,Carhartt Sportswear - Mens,2,B002G9UDYG,AE7SSZYOT6UWUSBEJFS3K2RTRRTQ
524,AFIWDBFPQRH2A7OLCSEDFTGP5MCQ,True,Awesome,Boyfriend loves it,"February 27, 2019",Jess,5.0,0,https://www.amazon.ca/gp/profile/amzn1.account.AFIWDBFPQRH2A7OLCSEDFTGP5MCQ/ref=cm_cr_getr_d_gw_btm?ie=UTF8,2020-09-21 09:22:03.240435,2020-09-21 09:22:03.367347,Carhartt Men's Acrylic Watch Hat,Carhartt Sportswear - Mens,2,B002G9UDYG,AE7SSZYOT6UWUSBEJFS3K2RTRRTQ
525,AEQL32ABSIVN7FTHX3N6ULSRFFPA,True,Nice,Great hat for the winter,"November 23, 2018",TLinsk,5.0,0,https://www.amazon.ca/gp/profile/amzn1.account.AEQL32ABSIVN7FTHX3N6ULSRFFPA/ref=cm_cr_getr_d_gw_btm?ie=UTF8,2020-09-21 09:22:03.371252,2020-09-21 09:22:03.499173,Carhartt Men's Acrylic Watch Hat,Carhartt Sportswear - Mens,2,B002G9UDYG,AE7SSZYOT6UWUSBEJFS3K2RTRRTQ
526,AFFZOV6QEV6YMR2DPEPNM5U6P3MA,True,Great product,"Great quality, comfortable to wear for long periods of time, and most importantly keeps you warm.","June 29, 2019",Founder,5.0,0,https://www.amazon.ca/gp/profile/amzn1.account.AFFZOV6QEV6YMR2DPEPNM5U6P3MA/ref=cm_cr_getr_d_gw_btm?ie=UTF8,2020-09-21 09:22:03.503043,2020-09-21 09:22:03.634802,Carhartt Men's Acrylic Watch Hat,Carhartt Sportswear - Mens,2,B002G9UDYG,AE7SSZYOT6UWUSBEJFS3K2RTRRTQ
527,AHJ5WHMCU2IEZ7TZ6YT4NEQ7ZX3Q,True,Great brand for winter tuques,"Love Carhartt. This is my 4th one, I’m definitely going to keep purchasing from this company","January 17, 2020",Abby McKinnon,5.0,0,https://www.amazon.ca/gp/profile/amzn1.account.AHJ5WHMCU2IEZ7TZ6YT4NEQ7ZX3Q/ref=cm_cr_getr_d_gw_btm?ie=UTF8,2020-09-21 09:22:03.638707,2020-09-21 09:22:03.770467,Carhartt Men's Acrylic Watch Hat,Carhartt Sportswear - Mens,2,B002G9UDYG,AE7SSZYOT6UWUSBEJFS3K2RTRRTQ
528,AETHVETDSCI5Z7Y27EMBOZKQCXLA,True,Very Warm,"It’s very warm, just fits very tight. If you wear it more it’ll loosen up. Also kinda long for smaller heads!","January 8, 2020",kaitlyn,5.0,0,https://www.amazon.ca/gp/profile/amzn1.account.AETHVETDSCI5Z7Y27EMBOZKQCXLA/ref=cm_cr_getr_d_gw_btm?ie=UTF8,2020-09-21 09:22:03.775345,2020-09-21 09:22:03.909057,Carhartt Men's Acrylic Watch Hat,Carhartt Sportswear - Mens,2,B002G9UDYG,AE7SSZYOT6UWUSBEJFS3K2RTRRTQ
529,AGXW27KYCIMYMNHEGSJAX6342F5A,True,Don’t buy,Didn’t get the hat.. was a bread apron? I didn’t order this. I want my hat.,"April 23, 2020",Dalton,1.0,0,https://www.amazon.ca/gp/profile/amzn1.account.AGXW27KYCIMYMNHEGSJAX6342F5A/ref=cm_cr_getr_d_gw_btm?ie=UTF8,2020-09-21 09:22:03.912961,2020-09-21 09:22:04.043772,Carhartt Men's Acrylic Watch Hat,Carhartt Sportswear - Mens,2,B002G9UDYG,AE7SSZYOT6UWUSBEJFS3K2RTRRTQ
530,AFGTWPAOIYIU4QWWXLG33ZN3RAXA,True,So comfortable,Very nice. Came exactly as expected. Would recommend to anyone trying out carthartt,"January 18, 2020",Madison B,5.0,0,https://www.amazon.ca/gp/profile/amzn1.account.AFGTWPAOIYIU4QWWXLG33ZN3RAXA/ref=cm_cr_getr_d_gw_btm?ie=UTF8,2020-09-21 09:22:08.163681,2020-09-21 09:22:08.321789,Carhartt Men's Acrylic Watch Hat,Carhartt Sportswear - Mens,2,B002G9UDYG,AE7SSZYOT6UWUSBEJFS3K2RTRRTQ
531,AGGWFI2FPKKODYQDJZJLOHEWXWIQ,True,Great.,Great. Does what it needs to do.,"November 4, 2019",Bev Y,5.0,0,https://www.amazon.ca/gp/profile/amzn1.account.AGGWFI2FPKKODYQDJZJLOHEWXWIQ/ref=cm_cr_getr_d_gw_btm?ie=UTF8,2020-09-21 09:22:08.326694,2020-09-21 09:22:08.449646,Carhartt Men's Acrylic Watch Hat,Carhartt Sportswear - Mens,2,B002G9UDYG,AE7SSZYOT6UWUSBEJFS3K2RTRRTQ
532,AGXTGSLOOTVASKOT57VUGIU2M5XA,True,Exactly as described..,Warm and comfortable. Fit great. Have a big head and it stays on.,"January 12, 2019",David,5.0,0,https://www.amazon.ca/gp/profile/amzn1.account.AGXTGSLOOTVASKOT57VUGIU2M5XA/ref=cm_cr_getr_d_gw_btm?ie=UTF8,2020-09-21 09:22:08.453550,2020-09-21 09:22:08.581440,Carhartt Men's Acrylic Watch Hat,Carhartt Sportswear - Mens,2,B002G9UDYG,AE7SSZYOT6UWUSBEJFS3K2RTRRTQ
533,AEOU3YKOZOLQYPRVBXE4JWAESOJA,True,Love it,Great hat,"January 25, 2020",Marie,5.0,0,https://www.amazon.ca/gp/profile/amzn1.account.AEOU3YKOZOLQYPRVBXE4JWAESOJA/ref=cm_cr_getr_d_gw_btm?ie=UTF8,2020-09-21 09:22:08.585343,2020-09-21 09:22:08.711247,Carhartt Men's Acrylic Watch Hat,Carhartt Sportswear - Mens,2,B002G9UDYG,AE7SSZYOT6UWUSBEJFS3K2RTRRTQ
534,AHM3PQYAPZ3MW7AUUKXR75L4NCZA,True,Perfect,Good quality keeps head nice and warm,"January 31, 2019",miad,5.0,0,https://www.amazon.ca/gp/profile/amzn1.account.AHM3PQYAPZ3MW7AUUKXR75L4NCZA/ref=cm_cr_getr_d_gw_btm?ie=UTF8,2020-09-21 09:22:08.716126,2020-09-21 09:22:08.842029,Carhartt Men's Acrylic Watch Hat,Carhartt Sportswear - Mens,2,B002G9UDYG,AE7SSZYOT6UWUSBEJFS3K2RTRRTQ
535,AELU7NE353WJWKUAAKM6ELAITXLQ,True,Very good,I like everything about it.,"September 28, 2018",Anthony,5.0,0,https://www.amazon.ca/gp/profile/amzn1.account.AELU7NE353WJWKUAAKM6ELAITXLQ/ref=cm_cr_getr_d_gw_btm?ie=UTF8,2020-09-21 09:22:08.846913,2020-09-21 09:22:08.976717,Carhartt Men's Acrylic Watch Hat,Carhartt Sportswear - Mens,2,B002G9UDYG,AE7SSZYOT6UWUSBEJFS3K2RTRRTQ
536,AGSLWGQ4TCUSJPF2EAOCEXA65NRQ,True,Prêt pour l'hiver!!!,Très belle tuque! Et qui semble apte à affronter l'hiver québécois. Très belle qualité.,"October 20, 2019",Attis+1,5.0,0,https://www.amazon.ca/gp/profile/amzn1.account.AGSLWGQ4TCUSJPF2EAOCEXA65NRQ/ref=cm_cr_getr_d_gw_btm?ie=UTF8,2020-09-21 09:22:08.981598,2020-09-21 09:22:09.113405,Carhartt Men's Acrylic Watch Hat,Carhartt Sportswear - Mens,2,B002G9UDYG,AE7SSZYOT6UWUSBEJFS3K2RTRRTQ
537,AHRTUMPLQ7EVJWYDTNZNSCCXAXIQ,True,Good buy,Exactly as shownz,"December 27, 2018",Lindsaycanada,5.0,0,https://www.amazon.ca/gp/profile/amzn1.account.AHRTUMPLQ7EVJWYDTNZNSCCXAXIQ/ref=cm_cr_getr_d_gw_btm?ie=UTF8,2020-09-21 09:22:09.118284,2020-09-21 09:22:09.247116,Carhartt Men's Acrylic Watch Hat,Carhartt Sportswear - Mens,2,B002G9UDYG,AE7SSZYOT6UWUSBEJFS3K2RTRRTQ
538,AGQGFIQXMP34REZO5CNGMCIIQS6A,True,Great had,Fits great and keeps my head warm,"November 2, 2018",Gagandeep,5.0,0,https://www.amazon.ca/gp/profile/amzn1.account.AGQGFIQXMP34REZO5CNGMCIIQS6A/ref=cm_cr_getr_d_gw_btm?ie=UTF8,2020-09-21 09:22:09.251019,2020-09-21 09:22:09.378904,Carhartt Men's Acrylic Watch Hat,Carhartt Sportswear - Mens,2,B002G9UDYG,AE7SSZYOT6UWUSBEJFS3K2RTRRTQ
539,AHBOYHDVXOBTWY7KNARSBPVXISYA,True,Buy it,Better than expected i love it,"October 5, 2019",Braeden A Dowe,5.0,0,https://www.amazon.ca/gp/profile/amzn1.account.AHBOYHDVXOBTWY7KNARSBPVXISYA/ref=cm_cr_getr_d_gw_btm?ie=UTF8,2020-09-21 09:22:09.383784,2020-09-21 09:22:09.515544,Carhartt Men's Acrylic Watch Hat,Carhartt Sportswear - Mens,2,B002G9UDYG,AE7SSZYOT6UWUSBEJFS3K2RTRRTQ
540,AH3BRUPVS7QHMFRI7GBDDWBBWCRQ,True,Fits perfectly,It’s super stretchy and feels nice and weightless on the head.,"December 4, 2019",Taylor McGillis,5.0,0,https://www.amazon.ca/gp/profile/amzn1.account.AH3BRUPVS7QHMFRI7GBDDWBBWCRQ/ref=cm_cr_getr_d_gw_btm?ie=UTF8,2020-09-21 09:22:15.654445,2020-09-21 09:22:15.809654,Carhartt Men's Acrylic Watch Hat,Carhartt Sportswear - Mens,2,B002G9UDYG,AE7SSZYOT6UWUSBEJFS3K2RTRRTQ
541,AFYPA6RKDEUGDQSMCEK2RVKMQUVA,True,good fit,very comfortable,"November 22, 2019",Xavier Villeneuve,5.0,0,https://www.amazon.ca/gp/profile/amzn1.account.AFYPA6RKDEUGDQSMCEK2RVKMQUVA/ref=cm_cr_getr_d_gw_btm?ie=UTF8,2020-09-21 09:22:15.813533,2020-09-21 09:22:15.941389,Carhartt Men's Acrylic Watch Hat,Carhartt Sportswear - Mens,2,B002G9UDYG,AE7SSZYOT6UWUSBEJFS3K2RTRRTQ
542,AEGNLIRIB3ABNLRQ2RNEGX2HR76Q,True,Great Product.,Warm and fits well.,"March 4, 2020",Leo Xing,5.0,0,https://www.amazon.ca/gp/profile/amzn1.account.AEGNLIRIB3ABNLRQ2RNEGX2HR76Q/ref=cm_cr_getr_d_gw_btm?ie=UTF8,2020-09-21 09:22:15.946269,2020-09-21 09:22:16.071197,Carhartt Men's Acrylic Watch Hat,Carhartt Sportswear - Mens,2,B002G9UDYG,AE7SSZYOT6UWUSBEJFS3K2RTRRTQ
543,AG27KEFENYXM43IRXR4EOTETVCRA,True,Fits perfect,Looks great,"March 30, 2019",Victoria,5.0,0,https://www.amazon.ca/gp/profile/amzn1.account.AG27KEFENYXM43IRXR4EOTETVCRA/ref=cm_cr_getr_d_gw_btm?ie=UTF8,2020-09-21 09:22:16.076077,2020-09-21 09:22:16.203931,Carhartt Men's Acrylic Watch Hat,Carhartt Sportswear - Mens,2,B002G9UDYG,AE7SSZYOT6UWUSBEJFS3K2RTRRTQ
544,AEU7HTDKJPWLX4DAQAFYSKQGVL7A,True,Exactly what I wanted!,Warm and colour is exact! Highly recommend this brand!,"February 27, 2020",Avery Bathe-Minard,5.0,0,https://www.amazon.ca/gp/profile/amzn1.account.AEU7HTDKJPWLX4DAQAFYSKQGVL7A/ref=cm_cr_getr_d_gw_btm?ie=UTF8,2020-09-21 09:22:16.207835,2020-09-21 09:22:16.334715,Carhartt Men's Acrylic Watch Hat,Carhartt Sportswear - Mens,2,B002G9UDYG,AE7SSZYOT6UWUSBEJFS3K2RTRRTQ
545,AGWSXZMJQHTTJTBAKYYZTIAOWJKA,True,Winter,Warm and comfortable,"November 23, 2018",Kelly James Venman,5.0,0,https://www.amazon.ca/gp/profile/amzn1.account.AGWSXZMJQHTTJTBAKYYZTIAOWJKA/ref=cm_cr_getr_d_gw_btm?ie=UTF8,2020-09-21 09:22:16.338620,2020-09-21 09:22:16.467489,Carhartt Men's Acrylic Watch Hat,Carhartt Sportswear - Mens,2,B002G9UDYG,AE7SSZYOT6UWUSBEJFS3K2RTRRTQ
546,AENOENCF7GYAGSJIFQLPXS4CNNIA,True,Work out,It gets worn out easily/quickly.,"June 10, 2020",Amazon Customer,2.0,0,https://www.amazon.ca/gp/profile/amzn1.account.AENOENCF7GYAGSJIFQLPXS4CNNIA/ref=cm_cr_getr_d_gw_btm?ie=UTF8,2020-09-21 09:22:16.471392,2020-09-21 09:22:16.602176,Carhartt Men's Acrylic Watch Hat,Carhartt Sportswear - Mens,2,B002G9UDYG,AE7SSZYOT6UWUSBEJFS3K2RTRRTQ
547,AFGU5HFHKRDLLAD3Z2FMG3LRS7PQ,True,Very comfortable and warm,Very comfortable and warm,"November 7, 2019",Rob G.,5.0,0,https://www.amazon.ca/gp/profile/amzn1.account.AFGU5HFHKRDLLAD3Z2FMG3LRS7PQ/ref=cm_cr_getr_d_gw_btm?ie=UTF8,2020-09-21 09:22:16.608034,2020-09-21 09:22:16.747601,Carhartt Men's Acrylic Watch Hat,Carhartt Sportswear - Mens,2,B002G9UDYG,AE7SSZYOT6UWUSBEJFS3K2RTRRTQ
548,AEMDDSXA7W7N6MK4I43KQMZCLYHA,True,Too small!,I never thought my head was big but this hat makes me feel that way,"January 10, 2020",Sebin Oh,2.0,0,https://www.amazon.ca/gp/profile/amzn1.account.AEMDDSXA7W7N6MK4I43KQMZCLYHA/ref=cm_cr_getr_d_gw_btm?ie=UTF8,2020-09-21 09:22:16.751506,2020-09-21 09:22:16.877407,Carhartt Men's Acrylic Watch Hat,Carhartt Sportswear - Mens,2,B002G9UDYG,AE7SSZYOT6UWUSBEJFS3K2RTRRTQ
549,AFGH2MCWRSIYDVKYANVVNTZC7SLQ,True,Extra small fit,"Far too small, disappointing","March 2, 2020",Linda B,1.0,0,https://www.amazon.ca/gp/profile/amzn1.account.AFGH2MCWRSIYDVKYANVVNTZC7SLQ/ref=cm_cr_getr_d_gw_btm?ie=UTF8,2020-09-21 09:22:16.882288,2020-09-21 09:22:17.006270,Carhartt Men's Acrylic Watch Hat,Carhartt Sportswear - Mens,2,B002G9UDYG,AE7SSZYOT6UWUSBEJFS3K2RTRRTQ
550,AELFO3EQPLYY6LQQWYMLC7LCYYHA,True,As described,"Just as expected, the colour was more vibrant than the photo (a positive thing).","February 14, 2020",Wendy ,5.0,0,https://www.amazon.ca/gp/profile/amzn1.account.AELFO3EQPLYY6LQQWYMLC7LCYYHA/ref=cm_cr_getr_d_gw_btm?ie=UTF8,2020-09-21 09:22:23.126408,2020-09-21 09:22:23.279639,Carhartt Men's Acrylic Watch Hat,Carhartt Sportswear - Mens,2,B002G9UDYG,AE7SSZYOT6UWUSBEJFS3K2RTRRTQ
551,AF666TWMIMGGLYIM4XSXG5COEAQQ,True,Good stocking stuffer,Kids love it,"May 18, 2019",Scott,5.0,0,https://www.amazon.ca/gp/profile/amzn1.account.AF666TWMIMGGLYIM4XSXG5COEAQQ/ref=cm_cr_getr_d_gw_btm?ie=UTF8,2020-09-21 09:22:23.284519,2020-09-21 09:22:23.408470,Carhartt Men's Acrylic Watch Hat,Carhartt Sportswear - Mens,2,B002G9UDYG,AE7SSZYOT6UWUSBEJFS3K2RTRRTQ
552,AHRX6IQ6NHJ52GMFFAMB6NHRB4ZQ,True,Five Stars,Perfect! Very warm. Working in -22 and the ears are okay under this puppy.,"January 6, 2018",Sebastian Morris,5.0,0,https://www.amazon.ca/gp/profile/amzn1.account.AHRX6IQ6NHJ52GMFFAMB6NHRB4ZQ/ref=cm_cr_getr_d_gw_btm?ie=UTF8,2020-09-21 09:22:23.412374,2020-09-21 09:22:23.541206,Carhartt Men's Acrylic Watch Hat,Carhartt Sportswear - Mens,2,B002G9UDYG,AE7SSZYOT6UWUSBEJFS3K2RTRRTQ
553,AHHYL7CQNCG56F7PTMH6AFYKNGMQ,True,Brand new,"Warm, snug fit and comfortable","October 3, 2018",Mohamed Khan,5.0,0,https://www.amazon.ca/gp/profile/amzn1.account.AHHYL7CQNCG56F7PTMH6AFYKNGMQ/ref=cm_cr_getr_d_gw_btm?ie=UTF8,2020-09-21 09:22:23.545110,2020-09-21 09:22:23.668122,Carhartt Men's Acrylic Watch Hat,Carhartt Sportswear - Mens,2,B002G9UDYG,AE7SSZYOT6UWUSBEJFS3K2RTRRTQ
554,AEZS5SUSAK7UMSAFI5C6Q4IKLT2A,True,Functional style,"Colour is exact and washes well, exact temperature needed.","November 19, 2018",Chelsea Dore,5.0,0,https://www.amazon.ca/gp/profile/amzn1.account.AEZS5SUSAK7UMSAFI5C6Q4IKLT2A/ref=cm_cr_getr_d_gw_btm?ie=UTF8,2020-09-21 09:22:23.672026,2020-09-21 09:22:23.798906,Carhartt Men's Acrylic Watch Hat,Carhartt Sportswear - Mens,2,B002G9UDYG,AE7SSZYOT6UWUSBEJFS3K2RTRRTQ
555,AG3PPYVL4WHWGWGALU7AGOCJTQRA,True,Good hat,True to size,"June 20, 2019",K,5.0,0,https://www.amazon.ca/gp/profile/amzn1.account.AG3PPYVL4WHWGWGALU7AGOCJTQRA/ref=cm_cr_getr_d_gw_btm?ie=UTF8,2020-09-21 09:22:23.802810,2020-09-21 09:22:23.929726,Carhartt Men's Acrylic Watch Hat,Carhartt Sportswear - Mens,2,B002G9UDYG,AE7SSZYOT6UWUSBEJFS3K2RTRRTQ
556,AFIYOPIB5ZVXO2YWA2P2OGQVVB7Q,True,Five Stars,"Nice hat, exactly same colour as pictured.
May fit a little bit tight so be aware of that.","January 12, 2018",Adam,5.0,0,https://www.amazon.ca/gp/profile/amzn1.account.AFIYOPIB5ZVXO2YWA2P2OGQVVB7Q/ref=cm_cr_getr_d_gw_btm?ie=UTF8,2020-09-21 09:22:23.933630,2020-09-21 09:22:24.058557,Carhartt Men's Acrylic Watch Hat,Carhartt Sportswear - Mens,2,B002G9UDYG,AE7SSZYOT6UWUSBEJFS3K2RTRRTQ
557,AGRLLOWWBZ5SMW33YMNFJ6FIJ73A,True,Exactly what I wanted!,a perfect stocking stuffer,"October 23, 2018",Kendra,5.0,0,https://www.amazon.ca/gp/profile/amzn1.account.AGRLLOWWBZ5SMW33YMNFJ6FIJ73A/ref=cm_cr_getr_d_gw_btm?ie=UTF8,2020-09-21 09:22:24.063437,2020-09-21 09:22:24.212772,Carhartt Men's Acrylic Watch Hat,Carhartt Sportswear - Mens,2,B002G9UDYG,AE7SSZYOT6UWUSBEJFS3K2RTRRTQ
558,AFGAREBKRUGGS6SVL3US3VKFIFUA,True,Best gift to give in cold season,"Got this for a women and isn’t too large, they stretch out with wear to fit the shape of your head.","January 10, 2019",billyates,5.0,0,https://www.amazon.ca/gp/profile/amzn1.account.AFGAREBKRUGGS6SVL3US3VKFIFUA/ref=cm_cr_getr_d_gw_btm?ie=UTF8,2020-09-21 09:22:24.217652,2020-09-21 09:22:24.338677,Carhartt Men's Acrylic Watch Hat,Carhartt Sportswear - Mens,2,B002G9UDYG,AE7SSZYOT6UWUSBEJFS3K2RTRRTQ
559,AEZPTEQ2AWQKSQOHU2A5PKYHWJNA,True,Love it,"perfect fit, perfect colour, no complaints here","October 19, 2018",KC,5.0,0,https://www.amazon.ca/gp/profile/amzn1.account.AEZPTEQ2AWQKSQOHU2A5PKYHWJNA/ref=cm_cr_getr_d_gw_btm?ie=UTF8,2020-09-21 09:22:24.342579,2020-09-21 09:22:24.468483,Carhartt Men's Acrylic Watch Hat,Carhartt Sportswear - Mens,2,B002G9UDYG,AE7SSZYOT6UWUSBEJFS3K2RTRRTQ
560,AF6KFBGKVMECD7GOLLTUFZJZ372A,True,Its warm as described,Its fit and warmth as described.,"February 23, 2019",Rasiah,4.0,0,https://www.amazon.ca/gp/profile/amzn1.account.AF6KFBGKVMECD7GOLLTUFZJZ372A/ref=cm_cr_getr_d_gw_btm?ie=UTF8,2020-09-21 09:22:29.601025,2020-09-21 09:22:29.812856,Carhartt Men's Acrylic Watch Hat,Carhartt Sportswear - Mens,2,B002G9UDYG,AE7SSZYOT6UWUSBEJFS3K2RTRRTQ
561,AEYBRELUIIIEOTTD3UTWEMYDGZJA,True,Love it,"Cute , very warm","November 7, 2018",Jannelle,5.0,0,https://www.amazon.ca/gp/profile/amzn1.account.AEYBRELUIIIEOTTD3UTWEMYDGZJA/ref=cm_cr_getr_d_gw_btm?ie=UTF8,2020-09-21 09:22:29.816760,2020-09-21 09:22:29.943664,Carhartt Men's Acrylic Watch Hat,Carhartt Sportswear - Mens,2,B002G9UDYG,AE7SSZYOT6UWUSBEJFS3K2RTRRTQ
562,AHXWSQLJVTGJEPNBDTEWAS5HIJGQ,True,Very Warm,"The colouring is a little darker than expected, but it’s a super warm and comfy hat.","January 24, 2019",Amazon Customer,5.0,0,https://www.amazon.ca/gp/profile/amzn1.account.AHXWSQLJVTGJEPNBDTEWAS5HIJGQ/ref=cm_cr_getr_d_gw_btm?ie=UTF8,2020-09-21 09:22:29.948520,2020-09-21 09:22:30.076376,Carhartt Men's Acrylic Watch Hat,Carhartt Sportswear - Mens,2,B002G9UDYG,AE7SSZYOT6UWUSBEJFS3K2RTRRTQ
563,AFX7KOMIK4CUQ2J3GP25FLXPAWOA,True,Good,Great,"March 13, 2019",Cheryl Ann Quigley,4.0,0,https://www.amazon.ca/gp/profile/amzn1.account.AFX7KOMIK4CUQ2J3GP25FLXPAWOA/ref=cm_cr_getr_d_gw_btm?ie=UTF8,2020-09-21 09:22:30.082231,2020-09-21 09:22:30.208135,Carhartt Men's Acrylic Watch Hat,Carhartt Sportswear - Mens,2,B002G9UDYG,AE7SSZYOT6UWUSBEJFS3K2RTRRTQ
564,AHLZQAIHJHVFDK5G2ZSIH67UODLA,True,Super cool,"Keeps my head warm, fits the way I wanted it to, and a cool, vibrant colour.","December 4, 2019",Niamh,5.0,0,https://www.amazon.ca/gp/profile/amzn1.account.AHLZQAIHJHVFDK5G2ZSIH67UODLA/ref=cm_cr_getr_d_gw_btm?ie=UTF8,2020-09-21 09:22:30.213014,2020-09-21 09:22:30.338919,Carhartt Men's Acrylic Watch Hat,Carhartt Sportswear - Mens,2,B002G9UDYG,AE7SSZYOT6UWUSBEJFS3K2RTRRTQ
565,AH3IBQSV2EBZAQX2RSIGIYQ6BIJA,True,Love it.,"Soft, warm and comfortable for winter months. Well made.","October 12, 2019",Haleykhorse,5.0,0,https://www.amazon.ca/gp/profile/amzn1.account.AH3IBQSV2EBZAQX2RSIGIYQ6BIJA/ref=cm_cr_getr_d_gw_btm?ie=UTF8,2020-09-21 09:22:30.343799,2020-09-21 09:22:30.472631,Carhartt Men's Acrylic Watch Hat,Carhartt Sportswear - Mens,2,B002G9UDYG,AE7SSZYOT6UWUSBEJFS3K2RTRRTQ
566,AGYHNDJ7SZV2ICBRTDGQNWVKAJ3Q,True,Nice,Good quality,"December 1, 2019",SFilli,5.0,0,https://www.amazon.ca/gp/profile/amzn1.account.AGYHNDJ7SZV2ICBRTDGQNWVKAJ3Q/ref=cm_cr_getr_d_gw_btm?ie=UTF8,2020-09-21 09:22:30.477510,2020-09-21 09:22:30.601499,Carhartt Men's Acrylic Watch Hat,Carhartt Sportswear - Mens,2,B002G9UDYG,AE7SSZYOT6UWUSBEJFS3K2RTRRTQ
567,AH32S2IXKLX3KEPZ3XEDVKCPOYYQ,True,Perfect gift,Perfect fit just what I was expecting!,"December 31, 2019",Kcamp24,5.0,0,https://www.amazon.ca/gp/profile/amzn1.account.AH32S2IXKLX3KEPZ3XEDVKCPOYYQ/ref=cm_cr_getr_d_gw_btm?ie=UTF8,2020-09-21 09:22:30.605404,2020-09-21 09:22:30.732282,Carhartt Men's Acrylic Watch Hat,Carhartt Sportswear - Mens,2,B002G9UDYG,AE7SSZYOT6UWUSBEJFS3K2RTRRTQ
568,AGGTJTC4S5X453ZZK435LGEVWGQA,True,For my son,Bought this for my 7 year old fits perfect would be too small for a man tho I Think,"November 28, 2019",Amazon Customer,5.0,0,https://www.amazon.ca/gp/profile/amzn1.account.AGGTJTC4S5X453ZZK435LGEVWGQA/ref=cm_cr_getr_d_gw_btm?ie=UTF8,2020-09-21 09:22:30.735211,2020-09-21 09:22:30.862127,Carhartt Men's Acrylic Watch Hat,Carhartt Sportswear - Mens,2,B002G9UDYG,AE7SSZYOT6UWUSBEJFS3K2RTRRTQ
569,AEDCN6NK2RZH5XHMFBHWGVWZFMAQ,True,favourite winter toque,a staple in our house - we have 5 in different colours and wear them for everything. then do stretch and pil but for the price we will purchase again,"March 6, 2018",Amazon Customer,5.0,0,https://www.amazon.ca/gp/profile/amzn1.account.AEDCN6NK2RZH5XHMFBHWGVWZFMAQ/ref=cm_cr_getr_d_gw_btm?ie=UTF8,2020-09-21 09:22:30.867007,2020-09-21 09:22:30.993887,Carhartt Men's Acrylic Watch Hat,Carhartt Sportswear - Mens,2,B002G9UDYG,AE7SSZYOT6UWUSBEJFS3K2RTRRTQ
570,AGXL4YZKLWEZKFHZOC7DUZMDUQCQ,True,Good Buy,"Perfect fit, exact colour, good quality. I’ve worn it everyday since i’ve had it and no complaints so far.","December 3, 2019",Madison,5.0,0,https://www.amazon.ca/gp/profile/amzn1.account.AGXL4YZKLWEZKFHZOC7DUZMDUQCQ/ref=cm_cr_getr_d_gw_btm?ie=UTF8,2020-09-21 09:22:35.133096,2020-09-21 09:22:35.306877,Carhartt Men's Acrylic Watch Hat,Carhartt Sportswear - Mens,2,B002G9UDYG,AE7SSZYOT6UWUSBEJFS3K2RTRRTQ
571,AGS5WFRGSMCQYIEO5AWND6XLUBDA,True,Good toque,It is as advertised,"October 12, 2018",ZAHER M.A. ZAMMARI,5.0,0,https://www.amazon.ca/gp/profile/amzn1.account.AGS5WFRGSMCQYIEO5AWND6XLUBDA/ref=cm_cr_getr_d_gw_btm?ie=UTF8,2020-09-21 09:22:35.310780,2020-09-21 09:22:35.436731,Carhartt Men's Acrylic Watch Hat,Carhartt Sportswear - Mens,2,B002G9UDYG,AE7SSZYOT6UWUSBEJFS3K2RTRRTQ
572,AHXQWUQ4O4JUJUHQ4RRCJ4FMNBCQ,True,Great price,Looks good and fits well,"August 8, 2019",Melissa,5.0,0,https://www.amazon.ca/gp/profile/amzn1.account.AHXQWUQ4O4JUJUHQ4RRCJ4FMNBCQ/ref=cm_cr_getr_d_gw_btm?ie=UTF8,2020-09-21 09:22:35.440610,2020-09-21 09:22:35.563585,Carhartt Men's Acrylic Watch Hat,Carhartt Sportswear - Mens,2,B002G9UDYG,AE7SSZYOT6UWUSBEJFS3K2RTRRTQ
573,AF4W7ENX52M2A4SFL72SLZKBBADA,True,Love it!,"Fits perfect and I love the colour, I will definitely be ordering a few more colours!","November 9, 2019",Cami,5.0,0,https://www.amazon.ca/gp/profile/amzn1.account.AF4W7ENX52M2A4SFL72SLZKBBADA/ref=cm_cr_getr_d_gw_btm?ie=UTF8,2020-09-21 09:22:35.567489,2020-09-21 09:22:35.696321,Carhartt Men's Acrylic Watch Hat,Carhartt Sportswear - Mens,2,B002G9UDYG,AE7SSZYOT6UWUSBEJFS3K2RTRRTQ
574,AHCQFULXMV5XO3BRDHHGMYORR6CQ,True,Awesome,Little darker then the picture but I love it,"February 12, 2020",Summer,5.0,0,https://www.amazon.ca/gp/profile/amzn1.account.AHCQFULXMV5XO3BRDHHGMYORR6CQ/ref=cm_cr_getr_d_gw_btm?ie=UTF8,2020-09-21 09:22:35.701202,2020-09-21 09:22:35.826129,Carhartt Men's Acrylic Watch Hat,Carhartt Sportswear - Mens,2,B002G9UDYG,AE7SSZYOT6UWUSBEJFS3K2RTRRTQ
575,AGSMO6ITZ5MSATIJIKNWOBGCYK2A,True,Sturdy structure so hat stays in place and keeps shape.,Fits well and is warm.,"March 13, 2020",Jason Wai,5.0,0,https://www.amazon.ca/gp/profile/amzn1.account.AGSMO6ITZ5MSATIJIKNWOBGCYK2A/ref=cm_cr_getr_d_gw_btm?ie=UTF8,2020-09-21 09:22:35.830033,2020-09-21 09:22:35.959841,Carhartt Men's Acrylic Watch Hat,Carhartt Sportswear - Mens,2,B002G9UDYG,AE7SSZYOT6UWUSBEJFS3K2RTRRTQ
576,AGM2V4SFWM3B6FYGC56HB62JQMJA,True,Would recommend regardless,"Salt and pepper colour is a different material then most of the other hats as options. I’ve bought a total of 6, cheaper then buying them elsewhere.","November 23, 2018",Kim,5.0,0,https://www.amazon.ca/gp/profile/amzn1.account.AGM2V4SFWM3B6FYGC56HB62JQMJA/ref=cm_cr_getr_d_gw_btm?ie=UTF8,2020-09-21 09:22:35.963745,2020-09-21 09:22:36.092617,Carhartt Men's Acrylic Watch Hat,Carhartt Sportswear - Mens,2,B002G9UDYG,AE7SSZYOT6UWUSBEJFS3K2RTRRTQ
577,AEWFUP2M727S2WVI6MJM4VF3YVXA,True,Quality garment,Warm and comfortable,"October 28, 2019",Goose,5.0,0,https://www.amazon.ca/gp/profile/amzn1.account.AEWFUP2M727S2WVI6MJM4VF3YVXA/ref=cm_cr_getr_d_gw_btm?ie=UTF8,2020-09-21 09:22:36.096521,2020-09-21 09:22:36.222462,Carhartt Men's Acrylic Watch Hat,Carhartt Sportswear - Mens,2,B002G9UDYG,AE7SSZYOT6UWUSBEJFS3K2RTRRTQ
578,AHAWAWXWBV5G6GCEA2GVPHDLAA2Q,True,but fits my husband great. I'll order the ladies for,"a bit big for me, but fits my husband great. I'll order the ladies for me","May 6, 2018",Tess,5.0,0,https://www.amazon.ca/gp/profile/amzn1.account.AHAWAWXWBV5G6GCEA2GVPHDLAA2Q/ref=cm_cr_getr_d_gw_btm?ie=UTF8,2020-09-21 09:22:36.226366,2020-09-21 09:22:36.355197,Carhartt Men's Acrylic Watch Hat,Carhartt Sportswear - Mens,2,B002G9UDYG,AE7SSZYOT6UWUSBEJFS3K2RTRRTQ
579,AE3EQOCXDF454J5KZHMHONPJEIVA,True,Awesome,Got this for myself (women) it’s great!!,"December 2, 2019",Mariah,5.0,0,https://www.amazon.ca/gp/profile/amzn1.account.AE3EQOCXDF454J5KZHMHONPJEIVA/ref=cm_cr_getr_d_gw_btm?ie=UTF8,2020-09-21 09:22:36.359101,2020-09-21 09:22:36.491837,Carhartt Men's Acrylic Watch Hat,Carhartt Sportswear - Mens,2,B002G9UDYG,AE7SSZYOT6UWUSBEJFS3K2RTRRTQ
580,AHMRA4N2UX3YQIR6GLGNISN3427A,True,I recommend this.,Very warm and great quality.,"July 7, 2018",Amazon Customer,5.0,0,https://www.amazon.ca/gp/profile/amzn1.account.AHMRA4N2UX3YQIR6GLGNISN3427A/ref=cm_cr_getr_d_gw_btm?ie=UTF8,2020-09-21 09:22:41.636219,2020-09-21 09:22:41.783594,Carhartt Men's Acrylic Watch Hat,Carhartt Sportswear - Mens,2,B002G9UDYG,AE7SSZYOT6UWUSBEJFS3K2RTRRTQ
581,AHZSEBOCRQK242PEHUMLHBGGXKNQ,True,Great for the cold weather,Great for the cold weather and very fast shipping.,"October 28, 2018",Jordan,5.0,0,https://www.amazon.ca/gp/profile/amzn1.account.AHZSEBOCRQK242PEHUMLHBGGXKNQ/ref=cm_cr_getr_d_gw_btm?ie=UTF8,2020-09-21 09:22:41.788474,2020-09-21 09:22:41.915352,Carhartt Men's Acrylic Watch Hat,Carhartt Sportswear - Mens,2,B002G9UDYG,AE7SSZYOT6UWUSBEJFS3K2RTRRTQ
582,AFTFYRVNBK3Y5G4HOHXS5OVAGCGA,True,It’s pre good,"Love it favourite hat, fits so well and nice so comfortable and soft","October 23, 2018",Cole himer,5.0,0,https://www.amazon.ca/gp/profile/amzn1.account.AFTFYRVNBK3Y5G4HOHXS5OVAGCGA/ref=cm_cr_getr_d_gw_btm?ie=UTF8,2020-09-21 09:22:41.920233,2020-09-21 09:22:42.047112,Carhartt Men's Acrylic Watch Hat,Carhartt Sportswear - Mens,2,B002G9UDYG,AE7SSZYOT6UWUSBEJFS3K2RTRRTQ
583,AFVBQ7NR3EVJ4FOXDIQQPLLYNABQ,True,Great,Fits great. Very warm even in harsh wind.,"April 7, 2020",Angella Yamamoto,5.0,0,https://www.amazon.ca/gp/profile/amzn1.account.AFVBQ7NR3EVJ4FOXDIQQPLLYNABQ/ref=cm_cr_getr_d_gw_btm?ie=UTF8,2020-09-21 09:22:42.051018,2020-09-21 09:22:42.178873,Carhartt Men's Acrylic Watch Hat,Carhartt Sportswear - Mens,2,B002G9UDYG,AE7SSZYOT6UWUSBEJFS3K2RTRRTQ
584,AGIFN7PRY5QQNHKA65QSVZGWBSJA,True,long,A bit longer than expected,"July 13, 2018",Amazon Customer,4.0,0,https://www.amazon.ca/gp/profile/amzn1.account.AGIFN7PRY5QQNHKA65QSVZGWBSJA/ref=cm_cr_getr_d_gw_btm?ie=UTF8,2020-09-21 09:22:42.182777,2020-09-21 09:22:42.308680,Carhartt Men's Acrylic Watch Hat,Carhartt Sportswear - Mens,2,B002G9UDYG,AE7SSZYOT6UWUSBEJFS3K2RTRRTQ
585,AGLARA73SVRNZXLVGY63IY4674TQ,True,Great hat for the price,"Although it is a bit large, I am very satisfied with the hat, especially at the price.","December 4, 2019",DJM,5.0,0,https://www.amazon.ca/gp/profile/amzn1.account.AGLARA73SVRNZXLVGY63IY4674TQ/ref=cm_cr_getr_d_gw_btm?ie=UTF8,2020-09-21 09:22:42.312586,2020-09-21 09:22:42.441415,Carhartt Men's Acrylic Watch Hat,Carhartt Sportswear - Mens,2,B002G9UDYG,AE7SSZYOT6UWUSBEJFS3K2RTRRTQ
586,AGUZY4XUYAFMHJWBZ62KXW24HBRA,True,This hat is awesome. Extremely warm.,"Only problem is I keep loosing it.
I'll be buying my 3rd next winter lol.","May 4, 2019",Leif Hamm-Said,5.0,0,https://www.amazon.ca/gp/profile/amzn1.account.AGUZY4XUYAFMHJWBZ62KXW24HBRA/ref=cm_cr_getr_d_gw_btm?ie=UTF8,2020-09-21 09:22:42.446296,2020-09-21 09:22:42.571222,Carhartt Men's Acrylic Watch Hat,Carhartt Sportswear - Mens,2,B002G9UDYG,AE7SSZYOT6UWUSBEJFS3K2RTRRTQ
587,AHBENOIIZ4XEMWBXPPY4SQNZQLQA,True,Great,Great.,"December 31, 2018",Amazon Customer,5.0,0,https://www.amazon.ca/gp/profile/amzn1.account.AHBENOIIZ4XEMWBXPPY4SQNZQLQA/ref=cm_cr_getr_d_gw_btm?ie=UTF8,2020-09-21 09:22:42.575128,2020-09-21 09:22:42.702007,Carhartt Men's Acrylic Watch Hat,Carhartt Sportswear - Mens,2,B002G9UDYG,AE7SSZYOT6UWUSBEJFS3K2RTRRTQ
588,AFRK5MZKYXT62VXI7MDAOLVK2R5Q,True,Love it,"Awesome hat, warm and fits great. I’m a women and it still fit well!","January 16, 2019",Tori,5.0,0,https://www.amazon.ca/gp/profile/amzn1.account.AFRK5MZKYXT62VXI7MDAOLVK2R5Q/ref=cm_cr_getr_d_gw_btm?ie=UTF8,2020-09-21 09:22:42.706887,2020-09-21 09:22:42.840599,Carhartt Men's Acrylic Watch Hat,Carhartt Sportswear - Mens,2,B002G9UDYG,AE7SSZYOT6UWUSBEJFS3K2RTRRTQ
589,AHEHD5BDMNNLFEGYCC7FRIYQDVGQ,True,True Product,"Authentic hats, I ordered one for me and one for my husband and we are both very pleased by the quality. Super warm and cosy!","October 15, 2018",Holly Spencer,5.0,0,https://www.amazon.ca/gp/profile/amzn1.account.AHEHD5BDMNNLFEGYCC7FRIYQDVGQ/ref=cm_cr_getr_d_gw_btm?ie=UTF8,2020-09-21 09:22:42.844502,2020-09-21 09:22:42.972359,Carhartt Men's Acrylic Watch Hat,Carhartt Sportswear - Mens,2,B002G9UDYG,AE7SSZYOT6UWUSBEJFS3K2RTRRTQ
590,AFU4TYHPIINHAP6QNVIK2N5AGW2A,True,Great quality,Had fits great. Stretch color everything was as picture!,"September 8, 2020",Judy,5.0,0,https://www.amazon.ca/gp/profile/amzn1.account.AFU4TYHPIINHAP6QNVIK2N5AGW2A/ref=cm_cr_getr_d_gw_btm?ie=UTF8,2020-09-21 09:22:46.105313,2020-09-21 09:22:46.257597,Carhartt Men's Acrylic Watch Hat,Carhartt Sportswear - Mens,2,B002G9UDYG,AE7SSZYOT6UWUSBEJFS3K2RTRRTQ
591,AF7CQ5X7HCSBCK4QYEP2JWIK54YQ,True,Five Stars,"very good product ,nice color thx","May 4, 2018",pirouz,5.0,0,https://www.amazon.ca/gp/profile/amzn1.account.AF7CQ5X7HCSBCK4QYEP2JWIK54YQ/ref=cm_cr_getr_d_gw_btm?ie=UTF8,2020-09-21 09:22:46.261504,2020-09-21 09:22:46.385453,Carhartt Men's Acrylic Watch Hat,Carhartt Sportswear - Mens,2,B002G9UDYG,AE7SSZYOT6UWUSBEJFS3K2RTRRTQ
592,AF62WD7E6MJ7TXNH57HIN2772KPA,True,Good Toque Choice,"The brown hat fits slightly different from the black but both are good hats, definitely worth the price in my opinion. Would buy again.","April 4, 2019",dfletch,5.0,0,https://www.amazon.ca/gp/profile/amzn1.account.AF62WD7E6MJ7TXNH57HIN2772KPA/ref=cm_cr_getr_d_gw_btm?ie=UTF8,2020-09-21 09:22:46.390333,2020-09-21 09:22:46.519164,Carhartt Men's Acrylic Watch Hat,Carhartt Sportswear - Mens,2,B002G9UDYG,AE7SSZYOT6UWUSBEJFS3K2RTRRTQ
593,AFMSHTB5CHCJAPRWDAXG42E5Z7YA,True,very nice,very nice,"December 31, 2018",Amazon Customer,5.0,0,https://www.amazon.ca/gp/profile/amzn1.account.AFMSHTB5CHCJAPRWDAXG42E5Z7YA/ref=cm_cr_getr_d_gw_btm?ie=UTF8,2020-09-21 09:22:46.523068,2020-09-21 09:22:46.649037,Carhartt Men's Acrylic Watch Hat,Carhartt Sportswear - Mens,2,B002G9UDYG,AE7SSZYOT6UWUSBEJFS3K2RTRRTQ
594,AGAVT4SS43MNNRYM5YRPNHOWYYLQ,True,It's warm,It's Carhartt it's quality,"January 20, 2019",Paul M,5.0,0,https://www.amazon.ca/gp/profile/amzn1.account.AGAVT4SS43MNNRYM5YRPNHOWYYLQ/ref=cm_cr_getr_d_gw_btm?ie=UTF8,2020-09-21 09:22:46.652942,2020-09-21 09:22:46.778845,Carhartt Men's Acrylic Watch Hat,Carhartt Sportswear - Mens,2,B002G9UDYG,AE7SSZYOT6UWUSBEJFS3K2RTRRTQ
595,AGTCRTVACZQP77VSAW34HNXPYG7Q,True,perfect fit,great,"October 25, 2019",Roland H.,5.0,0,https://www.amazon.ca/gp/profile/amzn1.account.AGTCRTVACZQP77VSAW34HNXPYG7Q/ref=cm_cr_getr_d_gw_btm?ie=UTF8,2020-09-21 09:22:46.783725,2020-09-21 09:22:46.918412,Carhartt Men's Acrylic Watch Hat,Carhartt Sportswear - Mens,2,B002G9UDYG,AE7SSZYOT6UWUSBEJFS3K2RTRRTQ
596,AG6ABINJNRQ4KR5TMJ3NLADE74QQ,True,Awesome,Love the color,"October 15, 2018",TC25,5.0,0,https://www.amazon.ca/gp/profile/amzn1.account.AG6ABINJNRQ4KR5TMJ3NLADE74QQ/ref=cm_cr_getr_d_gw_btm?ie=UTF8,2020-09-21 09:22:46.923292,2020-09-21 09:22:47.053100,Carhartt Men's Acrylic Watch Hat,Carhartt Sportswear - Mens,2,B002G9UDYG,AE7SSZYOT6UWUSBEJFS3K2RTRRTQ
597,AFADQDCGSI56OIRQH6SRO24UNGIA,True,Warm and cozy,Really fast shipping as always and is really cute and warm for the winter time,"September 8, 2020",leah landry,5.0,0,https://www.amazon.ca/gp/profile/amzn1.account.AFADQDCGSI56OIRQH6SRO24UNGIA/ref=cm_cr_getr_d_gw_btm?ie=UTF8,2020-09-21 09:22:47.057005,2020-09-21 09:22:47.228779,Carhartt Men's Acrylic Watch Hat,Carhartt Sportswear - Mens,2,B002G9UDYG,AE7SSZYOT6UWUSBEJFS3K2RTRRTQ
598,AFNAYGIA33LSEDDVW5FOAXRPLATA,True,It fits well and is warm,Working outside,"November 20, 2018",Penny Jackson,5.0,0,https://www.amazon.ca/gp/profile/amzn1.account.AFNAYGIA33LSEDDVW5FOAXRPLATA/ref=cm_cr_getr_d_gw_btm?ie=UTF8,2020-09-21 09:22:47.233661,2020-09-21 09:22:47.362492,Carhartt Men's Acrylic Watch Hat,Carhartt Sportswear - Mens,2,B002G9UDYG,AE7SSZYOT6UWUSBEJFS3K2RTRRTQ
599,AGO23XEAPXEIX5YCJARRGLM5UN7A,True,Fits great,Color is nice good for outdoor work,"January 4, 2019",Amazon Customer,5.0,0,https://www.amazon.ca/gp/profile/amzn1.account.AGO23XEAPXEIX5YCJARRGLM5UN7A/ref=cm_cr_getr_d_gw_btm?ie=UTF8,2020-09-21 09:22:47.366395,2020-09-21 09:22:47.494275,Carhartt Men's Acrylic Watch Hat,Carhartt Sportswear - Mens,2,B002G9UDYG,AE7SSZYOT6UWUSBEJFS3K2RTRRTQ
600,AG2AVHAEYXRB6TCQ2DLYJDRLPPIA,True,Nice hat,"My daughter loved it, great quality","March 6, 2020",Jacquie,5.0,0,https://www.amazon.ca/gp/profile/amzn1.account.AG2AVHAEYXRB6TCQ2DLYJDRLPPIA/ref=cm_cr_getr_d_gw_btm?ie=UTF8,2020-09-21 09:22:50.617598,2020-09-21 09:22:50.780613,Carhartt Men's Acrylic Watch Hat,Carhartt Sportswear - Mens,2,B002G9UDYG,AE7SSZYOT6UWUSBEJFS3K2RTRRTQ
601,AHGTYK346WU23NCWVXZGJPLUQ45A,True,Love the material & colour,Such a soft (non itchy) material,"January 27, 2019",Kirsten Leckie,5.0,0,https://www.amazon.ca/gp/profile/amzn1.account.AHGTYK346WU23NCWVXZGJPLUQ45A/ref=cm_cr_getr_d_gw_btm?ie=UTF8,2020-09-21 09:22:50.785468,2020-09-21 09:22:50.910430,Carhartt Men's Acrylic Watch Hat,Carhartt Sportswear - Mens,2,B002G9UDYG,AE7SSZYOT6UWUSBEJFS3K2RTRRTQ
602,AHJ3BADAUXP76U77UDS7HFTKJ3CQ,True,the color,good quality,"December 4, 2019",Reg Reynolds,5.0,0,https://www.amazon.ca/gp/profile/amzn1.account.AHJ3BADAUXP76U77UDS7HFTKJ3CQ/ref=cm_cr_getr_d_gw_btm?ie=UTF8,2020-09-21 09:22:50.915310,2020-09-21 09:22:51.045152,Carhartt Men's Acrylic Watch Hat,Carhartt Sportswear - Mens,2,B002G9UDYG,AE7SSZYOT6UWUSBEJFS3K2RTRRTQ
603,AGSY6QEIBBNNOR7G5KPB4LIR4LJQ,True,Good,Good,"December 26, 2018",eDebot,5.0,0,https://www.amazon.ca/gp/profile/amzn1.account.AGSY6QEIBBNNOR7G5KPB4LIR4LJQ/ref=cm_cr_getr_d_gw_btm?ie=UTF8,2020-09-21 09:22:51.049056,2020-09-21 09:22:51.173073,Carhartt Men's Acrylic Watch Hat,Carhartt Sportswear - Mens,2,B002G9UDYG,AE7SSZYOT6UWUSBEJFS3K2RTRRTQ
604,AFASS4QP7YBBHJANKWTLTMRJET2A,True,Happy with product,Great for keeping the ears warm,"January 3, 2019",Amazon Customer,5.0,0,https://www.amazon.ca/gp/profile/amzn1.account.AFASS4QP7YBBHJANKWTLTMRJET2A/ref=cm_cr_getr_d_gw_btm?ie=UTF8,2020-09-21 09:22:51.177979,2020-09-21 09:22:51.303881,Carhartt Men's Acrylic Watch Hat,Carhartt Sportswear - Mens,2,B002G9UDYG,AE7SSZYOT6UWUSBEJFS3K2RTRRTQ
605,AHHRIXTMGUHUCTWW3AWADWV7OIFQ,True,Five Stars,Purchased as a gift and was well liked.,"February 2, 2018",Victor,5.0,0,https://www.amazon.ca/gp/profile/amzn1.account.AHHRIXTMGUHUCTWW3AWADWV7OIFQ/ref=cm_cr_getr_d_gw_btm?ie=UTF8,2020-09-21 09:22:51.307761,2020-09-21 09:22:51.435627,Carhartt Men's Acrylic Watch Hat,Carhartt Sportswear - Mens,2,B002G9UDYG,AE7SSZYOT6UWUSBEJFS3K2RTRRTQ
606,AH7O225YXGLDWC42YTZD72IFMJ3A,True,ive had many of these but always bought from the ...,ive had many of these but always bought from the store this was too big and made my head itchy,"January 29, 2018",Amazon Customer,1.0,0,https://www.amazon.ca/gp/profile/amzn1.account.AH7O225YXGLDWC42YTZD72IFMJ3A/ref=cm_cr_getr_d_gw_btm?ie=UTF8,2020-09-21 09:22:51.439529,2020-09-21 09:22:51.567385,Carhartt Men's Acrylic Watch Hat,Carhartt Sportswear - Mens,2,B002G9UDYG,AE7SSZYOT6UWUSBEJFS3K2RTRRTQ
607,AFGSBBX6EHLRJ5QQ4KBP7AXWCEPQ,True,... female and have a big head and this fits great! Feels like really good quality fabric as well,I am female and have a big head and this fits great! Feels like really good quality fabric as well.,"May 4, 2018",Erika,5.0,0,https://www.amazon.ca/gp/profile/amzn1.account.AFGSBBX6EHLRJ5QQ4KBP7AXWCEPQ/ref=cm_cr_getr_d_gw_btm?ie=UTF8,2020-09-21 09:22:51.571289,2020-09-21 09:22:51.701097,Carhartt Men's Acrylic Watch Hat,Carhartt Sportswear - Mens,2,B002G9UDYG,AE7SSZYOT6UWUSBEJFS3K2RTRRTQ
608,AG2PMKUIBXA3GPBSY7FMLIUHA3NA,True,Not orange.,Different colour than expected. More of a brown than orange.,"November 14, 2019",Amazon Customer,1.0,0,https://www.amazon.ca/gp/profile/amzn1.account.AG2PMKUIBXA3GPBSY7FMLIUHA3NA/ref=cm_cr_getr_d_gw_btm?ie=UTF8,2020-09-21 09:22:51.705002,2020-09-21 09:22:51.837930,Carhartt Men's Acrylic Watch Hat,Carhartt Sportswear - Mens,2,B002G9UDYG,AE7SSZYOT6UWUSBEJFS3K2RTRRTQ
609,AE4TT77EYPVWQZHATQJGP2QWW2GA,True,Great hat,bought it for high vis- ended up wearing it all the time,"December 19, 2019",James Giffin,5.0,0,https://www.amazon.ca/gp/profile/amzn1.account.AE4TT77EYPVWQZHATQJGP2QWW2GA/ref=cm_cr_getr_d_gw_btm?ie=UTF8,2020-09-21 09:22:51.841834,2020-09-21 09:22:51.971671,Carhartt Men's Acrylic Watch Hat,Carhartt Sportswear - Mens,2,B002G9UDYG,AE7SSZYOT6UWUSBEJFS3K2RTRRTQ
610,AFJVCZ5RHQJ3RSNGYZJTN5XESVJQ,True,Quality Hat. Material is thick and the hat holds ...,"Quality Hat. Material is thick and the hat holds its shape. Well worth it, if you are a beanie person!","November 9, 2017",k,5.0,0,https://www.amazon.ca/gp/profile/amzn1.account.AFJVCZ5RHQJ3RSNGYZJTN5XESVJQ/ref=cm_cr_getr_d_gw_btm?ie=UTF8,2020-09-21 09:22:58.106255,2020-09-21 09:22:58.254605,Carhartt Men's Acrylic Watch Hat,Carhartt Sportswear - Mens,2,B002G9UDYG,AE7SSZYOT6UWUSBEJFS3K2RTRRTQ
611,AFXH4WVMSA4ECY76LV3KUHWBGYKA,True,Good,"I got a giant head, little tight, but It’ll stretch. Good material","September 28, 2018",DylanMckendry,5.0,0,https://www.amazon.ca/gp/profile/amzn1.account.AFXH4WVMSA4ECY76LV3KUHWBGYKA/ref=cm_cr_getr_d_gw_btm?ie=UTF8,2020-09-21 09:22:58.258509,2020-09-21 09:22:58.387341,Carhartt Men's Acrylic Watch Hat,Carhartt Sportswear - Mens,2,B002G9UDYG,AE7SSZYOT6UWUSBEJFS3K2RTRRTQ
612,AFEZWEC4Q5PK4WPYBA4BPHGN2FHA,True,Fits well,Fits well. Be carefull to review color when buying.,"March 15, 2020",MJD ,5.0,0,https://www.amazon.ca/gp/profile/amzn1.account.AFEZWEC4Q5PK4WPYBA4BPHGN2FHA/ref=cm_cr_getr_d_gw_btm?ie=UTF8,2020-09-21 09:22:58.391244,2020-09-21 09:22:58.513279,Carhartt Men's Acrylic Watch Hat,Carhartt Sportswear - Mens,2,B002G9UDYG,AE7SSZYOT6UWUSBEJFS3K2RTRRTQ
613,AGZXFXMNTTBDSMLGSJJILZCPPTLA,True,"it's a hat, it was warm.",see headline,"April 30, 2019",Amazon Customer,5.0,0,https://www.amazon.ca/gp/profile/amzn1.account.AGZXFXMNTTBDSMLGSJJILZCPPTLA/ref=cm_cr_getr_d_gw_btm?ie=UTF8,2020-09-21 09:22:58.518158,2020-09-21 09:22:58.643087,Carhartt Men's Acrylic Watch Hat,Carhartt Sportswear - Mens,2,B002G9UDYG,AE7SSZYOT6UWUSBEJFS3K2RTRRTQ
614,AE2ZIK4QMSMKG6FGAK424N6S7R5A,True,What I expected,"What I expected, except fits differently than I thought.","April 16, 2019",ML ,5.0,0,https://www.amazon.ca/gp/profile/amzn1.account.AE2ZIK4QMSMKG6FGAK424N6S7R5A/ref=cm_cr_getr_d_gw_btm?ie=UTF8,2020-09-21 09:22:58.647966,2020-09-21 09:22:58.776797,Carhartt Men's Acrylic Watch Hat,Carhartt Sportswear - Mens,2,B002G9UDYG,AE7SSZYOT6UWUSBEJFS3K2RTRRTQ
615,AFCP7P7MZV4UW5BOBE72OMAJ4L7Q,True,Très bien,Mon compagnon est ravi surtout pour le prix!,"November 30, 2019",Ranocha Pauline,5.0,0,https://www.amazon.ca/gp/profile/amzn1.account.AFCP7P7MZV4UW5BOBE72OMAJ4L7Q/ref=cm_cr_getr_d_gw_btm?ie=UTF8,2020-09-21 09:22:58.781677,2020-09-21 09:22:58.917343,Carhartt Men's Acrylic Watch Hat,Carhartt Sportswear - Mens,2,B002G9UDYG,AE7SSZYOT6UWUSBEJFS3K2RTRRTQ
616,AFJIJ6PC7M2FIPGSGLIV3ENRKG7Q,True,Four Stars,Product is as described. Arrived on time.,"May 1, 2018",Profile 46,4.0,0,https://www.amazon.ca/gp/profile/amzn1.account.AFJIJ6PC7M2FIPGSGLIV3ENRKG7Q/ref=cm_cr_getr_d_gw_btm?ie=UTF8,2020-09-21 09:22:58.921245,2020-09-21 09:22:59.057885,Carhartt Men's Acrylic Watch Hat,Carhartt Sportswear - Mens,2,B002G9UDYG,AE7SSZYOT6UWUSBEJFS3K2RTRRTQ
617,AH3275MAB72Q4CAY47STCXZNJSJQ,True,Perfect,Nice size. Warm. Soft. More neon than yellow.,"March 9, 2019",Letasha Smith,5.0,0,https://www.amazon.ca/gp/profile/amzn1.account.AH3275MAB72Q4CAY47STCXZNJSJQ/ref=cm_cr_getr_d_gw_btm?ie=UTF8,2020-09-21 09:22:59.065693,2020-09-21 09:22:59.216972,Carhartt Men's Acrylic Watch Hat,Carhartt Sportswear - Mens,2,B002G9UDYG,AE7SSZYOT6UWUSBEJFS3K2RTRRTQ
618,AHMO4VUG6IDJO2HND23XDJUBZ3CA,True,Great,Very warm although it would be nice if they came in a larger size as well.,"January 1, 2019",Amazon Customer,5.0,0,https://www.amazon.ca/gp/profile/amzn1.account.AHMO4VUG6IDJO2HND23XDJUBZ3CA/ref=cm_cr_getr_d_gw_btm?ie=UTF8,2020-09-21 09:22:59.221853,2020-09-21 09:22:59.340924,Carhartt Men's Acrylic Watch Hat,Carhartt Sportswear - Mens,2,B002G9UDYG,AE7SSZYOT6UWUSBEJFS3K2RTRRTQ
619,AFHFHY4HFJ7EGOBN7NDJ6QJ2XSOA,True,Fits nice and is good quality!,Very cute. I ordered black and got blue however no complaints. Just a little annoying lol,"July 22, 2019",Paris,4.0,0,https://www.amazon.ca/gp/profile/amzn1.account.AFHFHY4HFJ7EGOBN7NDJ6QJ2XSOA/ref=cm_cr_getr_d_gw_btm?ie=UTF8,2020-09-21 09:22:59.345805,2020-09-21 09:22:59.478540,Carhartt Men's Acrylic Watch Hat,Carhartt Sportswear - Mens,2,B002G9UDYG,AE7SSZYOT6UWUSBEJFS3K2RTRRTQ
620,AFWISRPN7R37EI7HQPB7BD5LZHSA,True,Very warm,Very warm up to -20 so far,"December 7, 2018",Sledneck89,5.0,0,https://www.amazon.ca/gp/profile/amzn1.account.AFWISRPN7R37EI7HQPB7BD5LZHSA/ref=cm_cr_getr_d_gw_btm?ie=UTF8,2020-09-21 09:23:03.610252,2020-09-21 09:23:03.823018,Carhartt Men's Acrylic Watch Hat,Carhartt Sportswear - Mens,2,B002G9UDYG,AE7SSZYOT6UWUSBEJFS3K2RTRRTQ
621,AGXCF3ZUEKBKTBBB6PNHU3EYY7MA,True,Great fit,The hat fits as I thought it would and I love the colour! It came super fast just in time for the cold weather!,"December 4, 2019",Court,5.0,0,https://www.amazon.ca/gp/profile/amzn1.account.AGXCF3ZUEKBKTBBB6PNHU3EYY7MA/ref=cm_cr_getr_d_gw_btm?ie=UTF8,2020-09-21 09:23:03.826921,2020-09-21 09:23:03.951877,Carhartt Men's Acrylic Watch Hat,Carhartt Sportswear - Mens,2,B002G9UDYG,AE7SSZYOT6UWUSBEJFS3K2RTRRTQ
622,AF5AUBS6B76BYCKBJWQTYTDORUDQ,True,Couleur trop foncé à mon gout et trop grande comparativement ...,Couleur trop foncé à mon gout et trop grande comparativement à la grise que j'avais commandé la semaine d'avant. Il est pourtant écrit taille unique mais l'une est plus grande que l'autre,"January 3, 2018",Jason Charbonneau,3.0,0,https://www.amazon.ca/gp/profile/amzn1.account.AF5AUBS6B76BYCKBJWQTYTDORUDQ/ref=cm_cr_getr_d_gw_btm?ie=UTF8,2020-09-21 09:23:03.955779,2020-09-21 09:23:04.082693,Carhartt Men's Acrylic Watch Hat,Carhartt Sportswear - Mens,2,B002G9UDYG,AE7SSZYOT6UWUSBEJFS3K2RTRRTQ
623,AFHBM5NYRAOVHGP5FITDXW67QADA,True,Perfect,"My 13 year old daughter loved getting this for Christmas, exactly what she wanted and fit perfect","January 11, 2020",Mom of 3,5.0,0,https://www.amazon.ca/gp/profile/amzn1.account.AFHBM5NYRAOVHGP5FITDXW67QADA/ref=cm_cr_getr_d_gw_btm?ie=UTF8,2020-09-21 09:23:04.087572,2020-09-21 09:23:04.212500,Carhartt Men's Acrylic Watch Hat,Carhartt Sportswear - Mens,2,B002G9UDYG,AE7SSZYOT6UWUSBEJFS3K2RTRRTQ
624,AFH2HICKFBKKFOBFPLWXA5ISDGEQ,True,Nice hat and cozy,Good fit,"October 5, 2018",Thoeun,5.0,0,https://www.amazon.ca/gp/profile/amzn1.account.AFH2HICKFBKKFOBFPLWXA5ISDGEQ/ref=cm_cr_getr_d_gw_btm?ie=UTF8,2020-09-21 09:23:04.216405,2020-09-21 09:23:04.344259,Carhartt Men's Acrylic Watch Hat,Carhartt Sportswear - Mens,2,B002G9UDYG,AE7SSZYOT6UWUSBEJFS3K2RTRRTQ
625,AHG5C6LLOQBJJ4HEYJFULJBTMS2A,True,Nice and warm,love it,"March 14, 2019",Kierra,5.0,0,https://www.amazon.ca/gp/profile/amzn1.account.AHG5C6LLOQBJJ4HEYJFULJBTMS2A/ref=cm_cr_getr_d_gw_btm?ie=UTF8,2020-09-21 09:23:04.348163,2020-09-21 09:23:04.476019,Carhartt Men's Acrylic Watch Hat,Carhartt Sportswear - Mens,2,B002G9UDYG,AE7SSZYOT6UWUSBEJFS3K2RTRRTQ
626,AFAD64ELEHS44CT6BICOSRF5IBKA,True,Does the job,Perfect for the north. Good material really warm.,"February 29, 2020",Amazon Customer,5.0,0,https://www.amazon.ca/gp/profile/amzn1.account.AFAD64ELEHS44CT6BICOSRF5IBKA/ref=cm_cr_getr_d_gw_btm?ie=UTF8,2020-09-21 09:23:04.480901,2020-09-21 09:23:04.608756,Carhartt Men's Acrylic Watch Hat,Carhartt Sportswear - Mens,2,B002G9UDYG,AE7SSZYOT6UWUSBEJFS3K2RTRRTQ
627,AHF2W54MD6UAHSK4TRXCNAMCY2XQ,True,Good,"Nice. Tight, needs a stretch","January 7, 2019",Joel Sciberras,5.0,0,https://www.amazon.ca/gp/profile/amzn1.account.AHF2W54MD6UAHSK4TRXCNAMCY2XQ/ref=cm_cr_getr_d_gw_btm?ie=UTF8,2020-09-21 09:23:04.612659,2020-09-21 09:23:04.744419,Carhartt Men's Acrylic Watch Hat,Carhartt Sportswear - Mens,2,B002G9UDYG,AE7SSZYOT6UWUSBEJFS3K2RTRRTQ
628,AGQFRVHPD7XRAIVVO4DUN7S64SWA,True,Very warm,Best purchase. Would recommend.,"March 27, 2020",Brooke-Lynn,5.0,0,https://www.amazon.ca/gp/profile/amzn1.account.AGQFRVHPD7XRAIVVO4DUN7S64SWA/ref=cm_cr_getr_d_gw_btm?ie=UTF8,2020-09-21 09:23:04.748322,2020-09-21 09:23:04.883010,Carhartt Men's Acrylic Watch Hat,Carhartt Sportswear - Mens,2,B002G9UDYG,AE7SSZYOT6UWUSBEJFS3K2RTRRTQ
629,AFEOGEO2QALMX5KA5CA7Q4FNZ57Q,True,Good hat,"A great, high quality hat","January 22, 2019",AnonYamouse,5.0,0,https://www.amazon.ca/gp/profile/amzn1.account.AFEOGEO2QALMX5KA5CA7Q4FNZ57Q/ref=cm_cr_getr_d_gw_btm?ie=UTF8,2020-09-21 09:23:04.886915,2020-09-21 09:23:05.017698,Carhartt Men's Acrylic Watch Hat,Carhartt Sportswear - Mens,2,B002G9UDYG,AE7SSZYOT6UWUSBEJFS3K2RTRRTQ
630,AGPGX5HLJP6XOX4FE72GDRTH2HMQ,True,Great for Fall/winter seasons,"Loved the look and fit of the hat, works wonders in frigid Canadian weather.","October 8, 2019",Raj,5.0,0,https://www.amazon.ca/gp/profile/amzn1.account.AGPGX5HLJP6XOX4FE72GDRTH2HMQ/ref=cm_cr_getr_d_gw_btm?ie=UTF8,2020-09-21 09:23:09.157591,2020-09-21 09:23:09.338148,Carhartt Men's Acrylic Watch Hat,Carhartt Sportswear - Mens,2,B002G9UDYG,AE7SSZYOT6UWUSBEJFS3K2RTRRTQ
631,AFROIZ4AJTJATPAIYO6ZVM5JNSAQ,True,Like it,Like,"October 29, 2018",Amazon Customer,5.0,0,https://www.amazon.ca/gp/profile/amzn1.account.AFROIZ4AJTJATPAIYO6ZVM5JNSAQ/ref=cm_cr_getr_d_gw_btm?ie=UTF8,2020-09-21 09:23:09.342052,2020-09-21 09:23:09.466979,Carhartt Men's Acrylic Watch Hat,Carhartt Sportswear - Mens,2,B002G9UDYG,AE7SSZYOT6UWUSBEJFS3K2RTRRTQ
632,AFWUH2EPJWEJUTQTY374S4KL4GKA,True,Snow tuque,perfect fit,"November 12, 2019",Ross Capogreco,5.0,0,https://www.amazon.ca/gp/profile/amzn1.account.AFWUH2EPJWEJUTQTY374S4KL4GKA/ref=cm_cr_getr_d_gw_btm?ie=UTF8,2020-09-21 09:23:09.471860,2020-09-21 09:23:09.594926,Carhartt Men's Acrylic Watch Hat,Carhartt Sportswear - Mens,2,B002G9UDYG,AE7SSZYOT6UWUSBEJFS3K2RTRRTQ
633,AGAZ4SKLJWPC7YE3VQPTNWA5EGRA,True,Quality warm hat,Fits great and has kept it's snug fit.,"October 28, 2019",Samantha,5.0,0,https://www.amazon.ca/gp/profile/amzn1.account.AGAZ4SKLJWPC7YE3VQPTNWA5EGRA/ref=cm_cr_getr_d_gw_btm?ie=UTF8,2020-09-21 09:23:09.599779,2020-09-21 09:23:09.725712,Carhartt Men's Acrylic Watch Hat,Carhartt Sportswear - Mens,2,B002G9UDYG,AE7SSZYOT6UWUSBEJFS3K2RTRRTQ
634,AGG7P43ARSEUPNE6ILJLTWFVDGGQ,True,No issue,Christmas gift-well received,"January 8, 2020",William,5.0,0,https://www.amazon.ca/gp/profile/amzn1.account.AGG7P43ARSEUPNE6ILJLTWFVDGGQ/ref=cm_cr_getr_d_gw_btm?ie=UTF8,2020-09-21 09:23:09.729615,2020-09-21 09:23:09.854545,Carhartt Men's Acrylic Watch Hat,Carhartt Sportswear - Mens,2,B002G9UDYG,AE7SSZYOT6UWUSBEJFS3K2RTRRTQ
635,AEAR2EGMUKXYE5VJD42YZCTVGO2A,True,Happy with product,Love this toque! Warm and great for hunting,"December 4, 2019",nickki,5.0,0,https://www.amazon.ca/gp/profile/amzn1.account.AEAR2EGMUKXYE5VJD42YZCTVGO2A/ref=cm_cr_getr_d_gw_btm?ie=UTF8,2020-09-21 09:23:09.858447,2020-09-21 09:23:09.986311,Carhartt Men's Acrylic Watch Hat,Carhartt Sportswear - Mens,2,B002G9UDYG,AE7SSZYOT6UWUSBEJFS3K2RTRRTQ
636,AHBOPDX7MEQGU2KSABHLVQB4U4RA,True,"Warm, cheap and stylish.",Pretty dope that. People on the street can't tell if I'm a hipster or a construction worker.,"March 20, 2020",Dougie,5.0,0,https://www.amazon.ca/gp/profile/amzn1.account.AHBOPDX7MEQGU2KSABHLVQB4U4RA/ref=cm_cr_getr_d_gw_btm?ie=UTF8,2020-09-21 09:23:09.990215,2020-09-21 09:23:10.114191,Carhartt Men's Acrylic Watch Hat,Carhartt Sportswear - Mens,2,B002G9UDYG,AE7SSZYOT6UWUSBEJFS3K2RTRRTQ
637,AEX6BJOJBKUASRJITZRJ5XADDDDQ,True,Exactly as described,Very nice,"October 8, 2019",Sheri,5.0,0,https://www.amazon.ca/gp/profile/amzn1.account.AEX6BJOJBKUASRJITZRJ5XADDDDQ/ref=cm_cr_getr_d_gw_btm?ie=UTF8,2020-09-21 09:23:10.118071,2020-09-21 09:23:10.243042,Carhartt Men's Acrylic Watch Hat,Carhartt Sportswear - Mens,2,B002G9UDYG,AE7SSZYOT6UWUSBEJFS3K2RTRRTQ
638,AG2ZEF7XSVHZCVOCP5T6S4BXK5MQ,True,Fast shipping,Great hat,"December 4, 2018",Sir slippy fist,5.0,0,https://www.amazon.ca/gp/profile/amzn1.account.AG2ZEF7XSVHZCVOCP5T6S4BXK5MQ/ref=cm_cr_getr_d_gw_btm?ie=UTF8,2020-09-21 09:23:10.248897,2020-09-21 09:23:10.380694,Carhartt Men's Acrylic Watch Hat,Carhartt Sportswear - Mens,2,B002G9UDYG,AE7SSZYOT6UWUSBEJFS3K2RTRRTQ
639,AE7JCP2RCYZJDHEVVWL75QP7A65A,True,Warm and soft,Great quality and soft comfortable materials. Nice and warm. I would recommend,"December 8, 2018",Amazon Customer,5.0,0,https://www.amazon.ca/gp/profile/amzn1.account.AE7JCP2RCYZJDHEVVWL75QP7A65A/ref=cm_cr_getr_d_gw_btm?ie=UTF8,2020-09-21 09:23:10.384597,2020-09-21 09:23:10.510500,Carhartt Men's Acrylic Watch Hat,Carhartt Sportswear - Mens,2,B002G9UDYG,AE7SSZYOT6UWUSBEJFS3K2RTRRTQ
640,AH4AMBFYM3O2GVJLUY5XKH5MILOA,True,Warm,Great warm hat,"February 27, 2019",Steve,5.0,0,https://www.amazon.ca/gp/profile/amzn1.account.AH4AMBFYM3O2GVJLUY5XKH5MILOA/ref=cm_cr_getr_d_gw_btm?ie=UTF8,2020-09-21 09:23:16.649534,2020-09-21 09:23:16.794955,Carhartt Men's Acrylic Watch Hat,Carhartt Sportswear - Mens,2,B002G9UDYG,AE7SSZYOT6UWUSBEJFS3K2RTRRTQ
641,AHP7TKVTKITDRXONRATZ7HS754IQ,True,Perfect!,Love it!,"January 8, 2020",Shelby,5.0,0,https://www.amazon.ca/gp/profile/amzn1.account.AHP7TKVTKITDRXONRATZ7HS754IQ/ref=cm_cr_getr_d_gw_btm?ie=UTF8,2020-09-21 09:23:16.799835,2020-09-21 09:23:16.924762,Carhartt Men's Acrylic Watch Hat,Carhartt Sportswear - Mens,2,B002G9UDYG,AE7SSZYOT6UWUSBEJFS3K2RTRRTQ
642,AFV5QEAMCD2DO4VVQMVK64S74BJA,True,One size fits all,Awesome product! I have two others and they look just like the photo,"December 23, 2019",Taryn,5.0,0,https://www.amazon.ca/gp/profile/amzn1.account.AFV5QEAMCD2DO4VVQMVK64S74BJA/ref=cm_cr_getr_d_gw_btm?ie=UTF8,2020-09-21 09:23:16.929642,2020-09-21 09:23:17.057498,Carhartt Men's Acrylic Watch Hat,Carhartt Sportswear - Mens,2,B002G9UDYG,AE7SSZYOT6UWUSBEJFS3K2RTRRTQ
643,AG6BWDKGBPF44ZIGYIE27V7PBLNQ,True,Great fit,Comfortable and fits true to size,"November 24, 2019",Amazon Customer,5.0,0,https://www.amazon.ca/gp/profile/amzn1.account.AG6BWDKGBPF44ZIGYIE27V7PBLNQ/ref=cm_cr_getr_d_gw_btm?ie=UTF8,2020-09-21 09:23:17.062378,2020-09-21 09:23:17.189260,Carhartt Men's Acrylic Watch Hat,Carhartt Sportswear - Mens,2,B002G9UDYG,AE7SSZYOT6UWUSBEJFS3K2RTRRTQ
644,AGCSPABQILTQV5SCWC366EDO4PQA,True,Good,Very comfy toque.,"May 5, 2019",Brandon Coxe,5.0,0,https://www.amazon.ca/gp/profile/amzn1.account.AGCSPABQILTQV5SCWC366EDO4PQA/ref=cm_cr_getr_d_gw_btm?ie=UTF8,2020-09-21 09:23:17.193162,2020-09-21 09:23:17.321994,Carhartt Men's Acrylic Watch Hat,Carhartt Sportswear - Mens,2,B002G9UDYG,AE7SSZYOT6UWUSBEJFS3K2RTRRTQ
645,AE4P2C6X3QRO4TSGWLY5KMPYZXAQ,True,Perfect!,Exactly as pictured. Love the color!,"March 10, 2020",Pen Name,5.0,0,https://www.amazon.ca/gp/profile/amzn1.account.AE4P2C6X3QRO4TSGWLY5KMPYZXAQ/ref=cm_cr_getr_d_gw_btm?ie=UTF8,2020-09-21 09:23:17.325897,2020-09-21 09:23:17.452777,Carhartt Men's Acrylic Watch Hat,Carhartt Sportswear - Mens,2,B002G9UDYG,AE7SSZYOT6UWUSBEJFS3K2RTRRTQ
646,AGNYGZFA2TD4M77CRV4UWLAV5PKQ,True,Fits great,Looks great. I got this one and the one for baby so hubby and baby can match.,"December 12, 2018",Jennifer Chiang,5.0,0,https://www.amazon.ca/gp/profile/amzn1.account.AGNYGZFA2TD4M77CRV4UWLAV5PKQ/ref=cm_cr_getr_d_gw_btm?ie=UTF8,2020-09-21 09:23:17.457658,2020-09-21 09:23:17.584536,Carhartt Men's Acrylic Watch Hat,Carhartt Sportswear - Mens,2,B002G9UDYG,AE7SSZYOT6UWUSBEJFS3K2RTRRTQ
647,AFBB74LQVVY42DDHOJLD5P5WVFGQ,True,Would buy again,Comfy hat that is true to size and colour!,"April 2, 2020",User1234,5.0,0,https://www.amazon.ca/gp/profile/amzn1.account.AFBB74LQVVY42DDHOJLD5P5WVFGQ/ref=cm_cr_getr_d_gw_btm?ie=UTF8,2020-09-21 09:23:17.588441,2020-09-21 09:23:17.737769,Carhartt Men's Acrylic Watch Hat,Carhartt Sportswear - Mens,2,B002G9UDYG,AE7SSZYOT6UWUSBEJFS3K2RTRRTQ
648,AEA5MEOU4AYC7UUKEQDW7FXK3LNQ,True,great fit and keep you warm,great fit and keep you warm. the fit is perfect. It is stylish and keep your sunglasses without them falling ;),"December 27, 2017",Azhar,5.0,0,https://www.amazon.ca/gp/profile/amzn1.account.AEA5MEOU4AYC7UUKEQDW7FXK3LNQ/ref=cm_cr_getr_d_gw_btm?ie=UTF8,2020-09-21 09:23:17.742649,2020-09-21 09:23:17.869529,Carhartt Men's Acrylic Watch Hat,Carhartt Sportswear - Mens,2,B002G9UDYG,AE7SSZYOT6UWUSBEJFS3K2RTRRTQ
649,AGFOSHCVFHFJ2YJOYJ6JGTM466OQ,True,Bright colors nice material,Very nice,"July 30, 2019",Hayl,5.0,0,https://www.amazon.ca/gp/profile/amzn1.account.AGFOSHCVFHFJ2YJOYJ6JGTM466OQ/ref=cm_cr_getr_d_gw_btm?ie=UTF8,2020-09-21 09:23:17.874434,2020-09-21 09:23:18.001287,Carhartt Men's Acrylic Watch Hat,Carhartt Sportswear - Mens,2,B002G9UDYG,AE7SSZYOT6UWUSBEJFS3K2RTRRTQ
650,AE6VIUMIXGO6ZPXHTPTDIUHQDTZQ,True,Just like pic,Great quality. Exactly like picture,"January 7, 2020",louise ,5.0,0,https://www.amazon.ca/gp/profile/amzn1.account.AE6VIUMIXGO6ZPXHTPTDIUHQDTZQ/ref=cm_cr_getr_d_gw_btm?ie=UTF8,2020-09-21 09:23:21.133060,2020-09-21 09:23:21.295075,Carhartt Men's Acrylic Watch Hat,Carhartt Sportswear - Mens,2,B002G9UDYG,AE7SSZYOT6UWUSBEJFS3K2RTRRTQ
651,AHK6KDC2UOYYMMUTKF6WWJDT6OZA,True,5/5,"Perfect fit, because of elastic fabric.","October 26, 2018",Turtles,5.0,0,https://www.amazon.ca/gp/profile/amzn1.account.AHK6KDC2UOYYMMUTKF6WWJDT6OZA/ref=cm_cr_getr_d_gw_btm?ie=UTF8,2020-09-21 09:23:21.298979,2020-09-21 09:23:21.421980,Carhartt Men's Acrylic Watch Hat,Carhartt Sportswear - Mens,2,B002G9UDYG,AE7SSZYOT6UWUSBEJFS3K2RTRRTQ
652,AHHJE4ORT3BAIM34AKXNCSNPEPKQ,True,Fast shipping and great product,Very happy with this hat. Quick shipping and good quality.,"January 21, 2020",Alipenash,5.0,0,https://www.amazon.ca/gp/profile/amzn1.account.AHHJE4ORT3BAIM34AKXNCSNPEPKQ/ref=cm_cr_getr_d_gw_btm?ie=UTF8,2020-09-21 09:23:21.425883,2020-09-21 09:23:21.550811,Carhartt Men's Acrylic Watch Hat,Carhartt Sportswear - Mens,2,B002G9UDYG,AE7SSZYOT6UWUSBEJFS3K2RTRRTQ
653,AH6OJF5JTYAFA7GY7L5MLAWJQO2Q,True,Good value,As described,"October 5, 2019",Cheryl Morin,4.0,0,https://www.amazon.ca/gp/profile/amzn1.account.AH6OJF5JTYAFA7GY7L5MLAWJQO2Q/ref=cm_cr_getr_d_gw_btm?ie=UTF8,2020-09-21 09:23:21.554715,2020-09-21 09:23:21.677691,Carhartt Men's Acrylic Watch Hat,Carhartt Sportswear - Mens,2,B002G9UDYG,AE7SSZYOT6UWUSBEJFS3K2RTRRTQ
654,AH5CL2CALW3ZQ545S6UE4ZD6KQMA,True,Excellent produit,Excellent produit,"February 26, 2020",Marienic,5.0,0,https://www.amazon.ca/gp/profile/amzn1.account.AH5CL2CALW3ZQ545S6UE4ZD6KQMA/ref=cm_cr_getr_d_gw_btm?ie=UTF8,2020-09-21 09:23:21.682571,2020-09-21 09:23:21.806550,Carhartt Men's Acrylic Watch Hat,Carhartt Sportswear - Mens,2,B002G9UDYG,AE7SSZYOT6UWUSBEJFS3K2RTRRTQ
655,AG3KL2SWDYCXOXPGQ5KBKBNOAXFQ,True,Super Warm,"Super warm and cosy, great quality, fits a little slouchy like I wanted it to","February 21, 2020",Brittany,5.0,0,https://www.amazon.ca/gp/profile/amzn1.account.AG3KL2SWDYCXOXPGQ5KBKBNOAXFQ/ref=cm_cr_getr_d_gw_btm?ie=UTF8,2020-09-21 09:23:21.810455,2020-09-21 09:23:21.939286,Carhartt Men's Acrylic Watch Hat,Carhartt Sportswear - Mens,2,B002G9UDYG,AE7SSZYOT6UWUSBEJFS3K2RTRRTQ
656,AHSF7PDAUYWQSCNA6FS75FUXRZUQ,True,Sensible purchase,Nice hat and does not stretch too much,"March 9, 2019",Amazon Customer,5.0,0,https://www.amazon.ca/gp/profile/amzn1.account.AHSF7PDAUYWQSCNA6FS75FUXRZUQ/ref=cm_cr_getr_d_gw_btm?ie=UTF8,2020-09-21 09:23:21.943190,2020-09-21 09:23:22.069118,Carhartt Men's Acrylic Watch Hat,Carhartt Sportswear - Mens,2,B002G9UDYG,AE7SSZYOT6UWUSBEJFS3K2RTRRTQ
657,AHLLMTJRIFZZJYGB3OSX6EW2Q4TA,True,Recommend it,Good quality fabric and provides good protection from cold,"September 29, 2019",Amazon Customer,4.0,0,https://www.amazon.ca/gp/profile/amzn1.account.AHLLMTJRIFZZJYGB3OSX6EW2Q4TA/ref=cm_cr_getr_d_gw_btm?ie=UTF8,2020-09-21 09:23:22.072998,2020-09-21 09:23:22.198901,Carhartt Men's Acrylic Watch Hat,Carhartt Sportswear - Mens,2,B002G9UDYG,AE7SSZYOT6UWUSBEJFS3K2RTRRTQ
658,AHBZR2HXPCEY7CFXD2TEQN4ZM5NQ,True,Good stuff,"Fits well, looks legit, perfect product, good time on shipping.","January 28, 2020",Raphaël Bégin-Leclerc,5.0,0,https://www.amazon.ca/gp/profile/amzn1.account.AHBZR2HXPCEY7CFXD2TEQN4ZM5NQ/ref=cm_cr_getr_d_gw_btm?ie=UTF8,2020-09-21 09:23:22.202805,2020-09-21 09:23:22.329762,Carhartt Men's Acrylic Watch Hat,Carhartt Sportswear - Mens,2,B002G9UDYG,AE7SSZYOT6UWUSBEJFS3K2RTRRTQ
659,AEXWNM3OIXFD5T6DNDVK2IBSGR5A,True,Great Fit and Perfect Hunting Toque!,Great Fit and Perfect Hunting Toque!,"October 28, 2017",Maryanne,5.0,0,https://www.amazon.ca/gp/profile/amzn1.account.AEXWNM3OIXFD5T6DNDVK2IBSGR5A/ref=cm_cr_getr_d_gw_btm?ie=UTF8,2020-09-21 09:23:22.334642,2020-09-21 09:23:22.468353,Carhartt Men's Acrylic Watch Hat,Carhartt Sportswear - Mens,2,B002G9UDYG,AE7SSZYOT6UWUSBEJFS3K2RTRRTQ
660,AGGHWTVVGYXCFO5GT5VHEYWRR4BA,True,Five Stars,love it,"August 11, 2018",Chr Fre,5.0,0,https://www.amazon.ca/gp/profile/amzn1.account.AGGHWTVVGYXCFO5GT5VHEYWRR4BA/ref=cm_cr_getr_d_gw_btm?ie=UTF8,2020-09-21 09:23:25.601504,2020-09-21 09:23:25.778216,Carhartt Men's Acrylic Watch Hat,Carhartt Sportswear - Mens,2,B002G9UDYG,AE7SSZYOT6UWUSBEJFS3K2RTRRTQ
661,AEHFCZDCCXXGAEUQJKXGLVJIT2ZA,True,Good hat,As described,"October 23, 2019",Noah and Bre,5.0,0,https://www.amazon.ca/gp/profile/amzn1.account.AEHFCZDCCXXGAEUQJKXGLVJIT2ZA/ref=cm_cr_getr_d_gw_btm?ie=UTF8,2020-09-21 09:23:25.782121,2020-09-21 09:23:25.904126,Carhartt Men's Acrylic Watch Hat,Carhartt Sportswear - Mens,2,B002G9UDYG,AE7SSZYOT6UWUSBEJFS3K2RTRRTQ
662,AH5YQEDGGLVBQ5IT2TPOKH4AAKVA,True,Awesome!,"Best toques in the world! I have almost every color, only 2 more to go! Carhartt merchandise is always top notch .","March 7, 2019",Nick,5.0,0,https://www.amazon.ca/gp/profile/amzn1.account.AH5YQEDGGLVBQ5IT2TPOKH4AAKVA/ref=cm_cr_getr_d_gw_btm?ie=UTF8,2020-09-21 09:23:25.908025,2020-09-21 09:23:26.031000,Carhartt Men's Acrylic Watch Hat,Carhartt Sportswear - Mens,2,B002G9UDYG,AE7SSZYOT6UWUSBEJFS3K2RTRRTQ
663,AHOS7TYTSZOVZVWG4ZDPVAZOWKAQ,True,Great purchase,Like,"November 13, 2019",Kalie R.,5.0,0,https://www.amazon.ca/gp/profile/amzn1.account.AHOS7TYTSZOVZVWG4ZDPVAZOWKAQ/ref=cm_cr_getr_d_gw_btm?ie=UTF8,2020-09-21 09:23:26.035879,2020-09-21 09:23:26.160807,Carhartt Men's Acrylic Watch Hat,Carhartt Sportswear - Mens,2,B002G9UDYG,AE7SSZYOT6UWUSBEJFS3K2RTRRTQ
664,AFKSJ2P2X6VEIFOE3JYTSU4TRM5A,True,Good price!,Good price!,"December 5, 2019",Stacialyn 5,5.0,0,https://www.amazon.ca/gp/profile/amzn1.account.AFKSJ2P2X6VEIFOE3JYTSU4TRM5A/ref=cm_cr_getr_d_gw_btm?ie=UTF8,2020-09-21 09:23:26.164711,2020-09-21 09:23:26.289676,Carhartt Men's Acrylic Watch Hat,Carhartt Sportswear - Mens,2,B002G9UDYG,AE7SSZYOT6UWUSBEJFS3K2RTRRTQ
665,AFEZH4VRGVBXQJTX6TVIJNXKL34A,True,As expected,Purchased for my teenage son and he is happy as can be with it. Quality is terrific.,"February 11, 2020",Tony Atkinson,4.0,0,https://www.amazon.ca/gp/profile/amzn1.account.AFEZH4VRGVBXQJTX6TVIJNXKL34A/ref=cm_cr_getr_d_gw_btm?ie=UTF8,2020-09-21 09:23:26.293579,2020-09-21 09:23:26.421434,Carhartt Men's Acrylic Watch Hat,Carhartt Sportswear - Mens,2,B002G9UDYG,AE7SSZYOT6UWUSBEJFS3K2RTRRTQ
666,AHVAGPMNIXAOQEIEKC2DR67ZZKXQ,True,"Not a heavy or bulky, very warm",The material feels light yet it keeps the head ears very warm. Love it!,"January 17, 2020",Jennifer McGuire,5.0,0,https://www.amazon.ca/gp/profile/amzn1.account.AHVAGPMNIXAOQEIEKC2DR67ZZKXQ/ref=cm_cr_getr_d_gw_btm?ie=UTF8,2020-09-21 09:23:26.425340,2020-09-21 09:23:26.552219,Carhartt Men's Acrylic Watch Hat,Carhartt Sportswear - Mens,2,B002G9UDYG,AE7SSZYOT6UWUSBEJFS3K2RTRRTQ
667,AG6WWFUZWVIMUF3ZM6IGUIJDZTDQ,True,Fits very lose,It stretched on my head and fits very lose now,"February 3, 2020",Ty,3.0,0,https://www.amazon.ca/gp/profile/amzn1.account.AG6WWFUZWVIMUF3ZM6IGUIJDZTDQ/ref=cm_cr_getr_d_gw_btm?ie=UTF8,2020-09-21 09:23:26.556122,2020-09-21 09:23:26.683027,Carhartt Men's Acrylic Watch Hat,Carhartt Sportswear - Mens,2,B002G9UDYG,AE7SSZYOT6UWUSBEJFS3K2RTRRTQ
668,AEHBLU4RFCBUGVKMATXH6SA2HZSA,True,Awesome Toque,Looks great. Quality is good.,"December 31, 2017",Bearded Bull,5.0,0,https://www.amazon.ca/gp/profile/amzn1.account.AEHBLU4RFCBUGVKMATXH6SA2HZSA/ref=cm_cr_getr_d_gw_btm?ie=UTF8,2020-09-21 09:23:26.686906,2020-09-21 09:23:26.820618,Carhartt Men's Acrylic Watch Hat,Carhartt Sportswear - Mens,2,B002G9UDYG,AE7SSZYOT6UWUSBEJFS3K2RTRRTQ
669,AGVSAM3JD4QOCNCX3VVHQP7Y7VJA,True,Nice hat. Wish the path would stay on.,Nice hat but after only two months of wear the carhartt patch is coming off which sucks...,"December 27, 2019",Ev,3.0,0,https://www.amazon.ca/gp/profile/amzn1.account.AGVSAM3JD4QOCNCX3VVHQP7Y7VJA/ref=cm_cr_getr_d_gw_btm?ie=UTF8,2020-09-21 09:23:26.825524,2020-09-21 09:23:26.954329,Carhartt Men's Acrylic Watch Hat,Carhartt Sportswear - Mens,2,B002G9UDYG,AE7SSZYOT6UWUSBEJFS3K2RTRRTQ
670,AHLLDMD3CDLWW3V6ITC7NY6AB5JQ,True,Great,Love it. Exactly as described. Very prompt shipping !,"December 9, 2019",Amazon Customer,5.0,0,https://www.amazon.ca/gp/profile/amzn1.account.AHLLDMD3CDLWW3V6ITC7NY6AB5JQ/ref=cm_cr_getr_d_gw_btm?ie=UTF8,2020-09-21 09:23:29.082050,2020-09-21 09:23:29.244996,Carhartt Men's Acrylic Watch Hat,Carhartt Sportswear - Mens,2,B002G9UDYG,AE7SSZYOT6UWUSBEJFS3K2RTRRTQ
671,AHILZGTCGSZZRPQCGRHH4JRQQYKQ,True,Just like brand,Just like the real brand. Color is identical to picture,"August 3, 2020",Mary Gefter,5.0,0,https://www.amazon.ca/gp/profile/amzn1.account.AHILZGTCGSZZRPQCGRHH4JRQQYKQ/ref=cm_cr_getr_d_gw_btm?ie=UTF8,2020-09-21 09:23:29.248901,2020-09-21 09:23:29.378708,Carhartt Men's Acrylic Watch Hat,Carhartt Sportswear - Mens,2,B002G9UDYG,AE7SSZYOT6UWUSBEJFS3K2RTRRTQ
672,AFXBFN5CZHKK4VZ3VAGJ33CAUGSQ,True,AMAZING,love this hat!! bought the bright orange and went in stores to buy a yellow one too (:,"January 5, 2020",Raquelle Escamillas,5.0,0,https://www.amazon.ca/gp/profile/amzn1.account.AFXBFN5CZHKK4VZ3VAGJ33CAUGSQ/ref=cm_cr_getr_d_gw_btm?ie=UTF8,2020-09-21 09:23:29.383587,2020-09-21 09:23:29.514372,Carhartt Men's Acrylic Watch Hat,Carhartt Sportswear - Mens,2,B002G9UDYG,AE7SSZYOT6UWUSBEJFS3K2RTRRTQ
673,AGSPL3IT427S6IY2GDBL7KOPOYHA,True,It’s okay,"It was good, a little snug. Especially if you have thick hair","April 6, 2019",Grace hassett,5.0,0,https://www.amazon.ca/gp/profile/amzn1.account.AGSPL3IT427S6IY2GDBL7KOPOYHA/ref=cm_cr_getr_d_gw_btm?ie=UTF8,2020-09-21 09:23:29.519252,2020-09-21 09:23:29.646131,Carhartt Men's Acrylic Watch Hat,Carhartt Sportswear - Mens,2,B002G9UDYG,AE7SSZYOT6UWUSBEJFS3K2RTRRTQ
674,AE6WX2OUY7OFWWESALHRLFFPSUTQ,True,Five Stars,"gift, my son loves it","April 6, 2018",kaysexy69,5.0,0,https://www.amazon.ca/gp/profile/amzn1.account.AE6WX2OUY7OFWWESALHRLFFPSUTQ/ref=cm_cr_getr_d_gw_btm?ie=UTF8,2020-09-21 09:23:29.651011,2020-09-21 09:23:29.779843,Carhartt Men's Acrylic Watch Hat,Carhartt Sportswear - Mens,2,B002G9UDYG,AE7SSZYOT6UWUSBEJFS3K2RTRRTQ
675,AEPBGITZZB4PAE2GAJ7N4M6RBS4A,True,Five Stars,Our son really likes it.,"February 20, 2018",jsbw,5.0,0,https://www.amazon.ca/gp/profile/amzn1.account.AEPBGITZZB4PAE2GAJ7N4M6RBS4A/ref=cm_cr_getr_d_gw_btm?ie=UTF8,2020-09-21 09:23:29.783748,2020-09-21 09:23:29.916483,Carhartt Men's Acrylic Watch Hat,Carhartt Sportswear - Mens,2,B002G9UDYG,AE7SSZYOT6UWUSBEJFS3K2RTRRTQ
676,AGXTGSLOOTVASKOT57VUGIU2M5XA,True,Exactly as described.,It's warm and comfortable. Love it,"January 12, 2019",David,5.0,0,https://www.amazon.ca/gp/profile/amzn1.account.AGXTGSLOOTVASKOT57VUGIU2M5XA/ref=cm_cr_getr_d_gw_btm?ie=UTF8,2020-09-21 09:23:29.920386,2020-09-21 09:23:30.051170,Carhartt Men's Acrylic Watch Hat,Carhartt Sportswear - Mens,2,B002G9UDYG,AE7SSZYOT6UWUSBEJFS3K2RTRRTQ
677,AFTCL3WMX5OO7FDEPYKANVFZQT3A,True,I'm happy enough,I like it but its alittle long so causes a lot of pouf at the top so looks a little crazy lol,"September 20, 2019",jessica dionne,5.0,0,https://www.amazon.ca/gp/profile/amzn1.account.AFTCL3WMX5OO7FDEPYKANVFZQT3A/ref=cm_cr_getr_d_gw_btm?ie=UTF8,2020-09-21 09:23:30.055073,2020-09-21 09:23:30.182930,Carhartt Men's Acrylic Watch Hat,Carhartt Sportswear - Mens,2,B002G9UDYG,AE7SSZYOT6UWUSBEJFS3K2RTRRTQ
678,AF2VF456MQBACJUWL327XEJ7HISQ,True,Nice quality!,Great toque!,"January 8, 2019",Melissa,5.0,0,https://www.amazon.ca/gp/profile/amzn1.account.AF2VF456MQBACJUWL327XEJ7HISQ/ref=cm_cr_getr_d_gw_btm?ie=UTF8,2020-09-21 09:23:30.187809,2020-09-21 09:23:30.317618,Carhartt Men's Acrylic Watch Hat,Carhartt Sportswear - Mens,2,B002G9UDYG,AE7SSZYOT6UWUSBEJFS3K2RTRRTQ
679,AEFQAGEPHKUEISAWQOZK4XXN72TA,True,Fit as expected,"Fit as expected, a gift for my son, he loves it","January 17, 2020",Z.H.,5.0,0,https://www.amazon.ca/gp/profile/amzn1.account.AEFQAGEPHKUEISAWQOZK4XXN72TA/ref=cm_cr_getr_d_gw_btm?ie=UTF8,2020-09-21 09:23:30.321524,2020-09-21 09:23:30.450354,Carhartt Men's Acrylic Watch Hat,Carhartt Sportswear - Mens,2,B002G9UDYG,AE7SSZYOT6UWUSBEJFS3K2RTRRTQ
680,AHSUIWDCTESJPLJDPEXS6ZVPTKHA,True,Ill be back !,As advertised. Received as indicated ..... Very good product. Love it !,"November 27, 2017",MikeB,5.0,0,https://www.amazon.ca/gp/profile/amzn1.account.AHSUIWDCTESJPLJDPEXS6ZVPTKHA/ref=cm_cr_getr_d_gw_btm?ie=UTF8,2020-09-21 09:23:33.563996,2020-09-21 09:23:33.773834,Carhartt Men's Acrylic Watch Hat,Carhartt Sportswear - Mens,2,B002G9UDYG,AE7SSZYOT6UWUSBEJFS3K2RTRRTQ
681,AEBQVFRKRXWXDX7RURBDICDKFKOA,True,Buy,Great fit will buy in different colours,"May 23, 2019",Patriceclarke,5.0,0,https://www.amazon.ca/gp/profile/amzn1.account.AEBQVFRKRXWXDX7RURBDICDKFKOA/ref=cm_cr_getr_d_gw_btm?ie=UTF8,2020-09-21 09:23:33.777738,2020-09-21 09:23:33.901688,Carhartt Men's Acrylic Watch Hat,Carhartt Sportswear - Mens,2,B002G9UDYG,AE7SSZYOT6UWUSBEJFS3K2RTRRTQ
682,AG4UGJ5SMTNGMIPCQDPSAV4AVZJA,True,Super cozy!,"The color, size and quality is just as expected. Super comfortable! I would love one in every color!","January 30, 2019",Candace,5.0,0,https://www.amazon.ca/gp/profile/amzn1.account.AG4UGJ5SMTNGMIPCQDPSAV4AVZJA/ref=cm_cr_getr_d_gw_btm?ie=UTF8,2020-09-21 09:23:33.905593,2020-09-21 09:23:34.032474,Carhartt Men's Acrylic Watch Hat,Carhartt Sportswear - Mens,2,B002G9UDYG,AE7SSZYOT6UWUSBEJFS3K2RTRRTQ
683,AHSVU64AWUNSJZV6MIXOEER2H7YA,True,Love them,Kids Xmas gift,"June 5, 2020",Julie,5.0,0,https://www.amazon.ca/gp/profile/amzn1.account.AHSVU64AWUNSJZV6MIXOEER2H7YA/ref=cm_cr_getr_d_gw_btm?ie=UTF8,2020-09-21 09:23:34.037353,2020-09-21 09:23:34.164233,Carhartt Men's Acrylic Watch Hat,Carhartt Sportswear - Mens,2,B002G9UDYG,AE7SSZYOT6UWUSBEJFS3K2RTRRTQ
684,AH6UXMMWBMKRH3DTBWBOR4DPBKHQ,True,Trendy,Cute toque. Will be buying more colours,"October 29, 2018",Amazon Customer,5.0,0,https://www.amazon.ca/gp/profile/amzn1.account.AH6UXMMWBMKRH3DTBWBOR4DPBKHQ/ref=cm_cr_getr_d_gw_btm?ie=UTF8,2020-09-21 09:23:34.168137,2020-09-21 09:23:34.295991,Carhartt Men's Acrylic Watch Hat,Carhartt Sportswear - Mens,2,B002G9UDYG,AE7SSZYOT6UWUSBEJFS3K2RTRRTQ
685,AHP4ZNDYTRAWTVN6BCVUBR2FWLWA,True,Nice colour and fabric,It was a good quality hat suitable for use outdoors.,"January 10, 2020",Colleen Bermel,5.0,0,https://www.amazon.ca/gp/profile/amzn1.account.AHP4ZNDYTRAWTVN6BCVUBR2FWLWA/ref=cm_cr_getr_d_gw_btm?ie=UTF8,2020-09-21 09:23:34.299896,2020-09-21 09:23:34.429704,Carhartt Men's Acrylic Watch Hat,Carhartt Sportswear - Mens,2,B002G9UDYG,AE7SSZYOT6UWUSBEJFS3K2RTRRTQ
686,AFLKY3GH72HOUSBJM232T5SRK25A,True,They are hats for sure,Exact as described,"December 13, 2019",Jon Tiberi,5.0,0,https://www.amazon.ca/gp/profile/amzn1.account.AFLKY3GH72HOUSBJM232T5SRK25A/ref=cm_cr_getr_d_gw_btm?ie=UTF8,2020-09-21 09:23:34.433607,2020-09-21 09:23:34.562439,Carhartt Men's Acrylic Watch Hat,Carhartt Sportswear - Mens,2,B002G9UDYG,AE7SSZYOT6UWUSBEJFS3K2RTRRTQ
687,AFOQ26JBMVF6LWH4NQ6WWP3EJPLQ,True,Fits tight,"Fit tight on my head, tag looks hand stitched on.. not sure if it’s real Carhartt or not","December 21, 2019",mckenna nameth ,4.0,0,https://www.amazon.ca/gp/profile/amzn1.account.AFOQ26JBMVF6LWH4NQ6WWP3EJPLQ/ref=cm_cr_getr_d_gw_btm?ie=UTF8,2020-09-21 09:23:34.567320,2020-09-21 09:23:34.693297,Carhartt Men's Acrylic Watch Hat,Carhartt Sportswear - Mens,2,B002G9UDYG,AE7SSZYOT6UWUSBEJFS3K2RTRRTQ
688,AGWFDQXUEULJVBF24ATFM6O5GDHQ,True,easy fit,good. quality,"September 25, 2018",tony demarco,5.0,0,https://www.amazon.ca/gp/profile/amzn1.account.AGWFDQXUEULJVBF24ATFM6O5GDHQ/ref=cm_cr_getr_d_gw_btm?ie=UTF8,2020-09-21 09:23:34.697200,2020-09-21 09:23:34.829936,Carhartt Men's Acrylic Watch Hat,Carhartt Sportswear - Mens,2,B002G9UDYG,AE7SSZYOT6UWUSBEJFS3K2RTRRTQ
689,AFZIA3IE5AKIFGZWPJWTB5QATNMA,True,had to get another one cause it’s so awesome. Great quality and warm,"Had one, lost it, had to get another one cause it’s so awesome. Great quality and warm, looks cool too.","June 23, 2018",Danica,5.0,0,https://www.amazon.ca/gp/profile/amzn1.account.AFZIA3IE5AKIFGZWPJWTB5QATNMA/ref=cm_cr_getr_d_gw_btm?ie=UTF8,2020-09-21 09:23:34.833840,2020-09-21 09:23:34.963649,Carhartt Men's Acrylic Watch Hat,Carhartt Sportswear - Mens,2,B002G9UDYG,AE7SSZYOT6UWUSBEJFS3K2RTRRTQ
690,AHSGVFLPG27RMZJCK7WQMBHWBWPQ,True,Practical!,"Great price, cute unisex hat.","December 24, 2018",Sendingflowers,5.0,0,https://www.amazon.ca/gp/profile/amzn1.account.AHSGVFLPG27RMZJCK7WQMBHWBWPQ/ref=cm_cr_getr_d_gw_btm?ie=UTF8,2020-09-21 09:23:37.102321,2020-09-21 09:23:37.254575,Carhartt Men's Acrylic Watch Hat,Carhartt Sportswear - Mens,2,B002G9UDYG,AE7SSZYOT6UWUSBEJFS3K2RTRRTQ
691,AFZUL6P6KDD6O5544JVUSTI7SK5Q,True,Styling and perfect fit,Fits perfect,"December 7, 2019",mark fi perez,5.0,0,https://www.amazon.ca/gp/profile/amzn1.account.AFZUL6P6KDD6O5544JVUSTI7SK5Q/ref=cm_cr_getr_d_gw_btm?ie=UTF8,2020-09-21 09:23:37.258478,2020-09-21 09:23:37.385358,Carhartt Men's Acrylic Watch Hat,Carhartt Sportswear - Mens,2,B002G9UDYG,AE7SSZYOT6UWUSBEJFS3K2RTRRTQ
692,AHHJQSAODPACKG3PHTTPVELL7N5A,True,"Warm toque, great fit!",Love this toque. Keeps head super warm,"March 4, 2020",Ashley,5.0,0,https://www.amazon.ca/gp/profile/amzn1.account.AHHJQSAODPACKG3PHTTPVELL7N5A/ref=cm_cr_getr_d_gw_btm?ie=UTF8,2020-09-21 09:23:37.389263,2020-09-21 09:23:37.516213,Carhartt Men's Acrylic Watch Hat,Carhartt Sportswear - Mens,2,B002G9UDYG,AE7SSZYOT6UWUSBEJFS3K2RTRRTQ
693,AE7I3NLC2JA5GYB2SBCZP3U62TXA,True,Fits almost perfect,fashion accessory and effective warmth. fits almost true to size. fits my head a little big.,"January 13, 2019",Jesse,5.0,0,https://www.amazon.ca/gp/profile/amzn1.account.AE7I3NLC2JA5GYB2SBCZP3U62TXA/ref=cm_cr_getr_d_gw_btm?ie=UTF8,2020-09-21 09:23:37.521092,2020-09-21 09:23:37.648947,Carhartt Men's Acrylic Watch Hat,Carhartt Sportswear - Mens,2,B002G9UDYG,AE7SSZYOT6UWUSBEJFS3K2RTRRTQ
694,AFJYTZBFRWDLSU4JR2TD2BROKORQ,True,Thanks,Love it,"July 1, 2020",Stephanie Field,5.0,0,https://www.amazon.ca/gp/profile/amzn1.account.AFJYTZBFRWDLSU4JR2TD2BROKORQ/ref=cm_cr_getr_d_gw_btm?ie=UTF8,2020-09-21 09:23:37.652851,2020-09-21 09:23:37.778756,Carhartt Men's Acrylic Watch Hat,Carhartt Sportswear - Mens,2,B002G9UDYG,AE7SSZYOT6UWUSBEJFS3K2RTRRTQ
695,AGLNKZS3NASVD4CC7HT26O57ZWAQ,True,Five Stars,great quality hat,"March 29, 2018",Steve,5.0,0,https://www.amazon.ca/gp/profile/amzn1.account.AGLNKZS3NASVD4CC7HT26O57ZWAQ/ref=cm_cr_getr_d_gw_btm?ie=UTF8,2020-09-21 09:23:37.783635,2020-09-21 09:23:37.912468,Carhartt Men's Acrylic Watch Hat,Carhartt Sportswear - Mens,2,B002G9UDYG,AE7SSZYOT6UWUSBEJFS3K2RTRRTQ
696,AELWZ2JYTNY6CU42Z3ZYQLDZSLKQ,True,Too small,Good material dosnt fit my head but for my 4 year old,"January 2, 2020",Jess,1.0,0,https://www.amazon.ca/gp/profile/amzn1.account.AELWZ2JYTNY6CU42Z3ZYQLDZSLKQ/ref=cm_cr_getr_d_gw_btm?ie=UTF8,2020-09-21 09:23:37.916370,2020-09-21 09:23:38.043250,Carhartt Men's Acrylic Watch Hat,Carhartt Sportswear - Mens,2,B002G9UDYG,AE7SSZYOT6UWUSBEJFS3K2RTRRTQ
697,AFGBVFVOZ7KLDFORKM44J237IYJQ,True,Will buy more!,Love it. Warm and stylish.,"November 10, 2019",Clorrisa Bigfoot ,5.0,0,https://www.amazon.ca/gp/profile/amzn1.account.AFGBVFVOZ7KLDFORKM44J237IYJQ/ref=cm_cr_getr_d_gw_btm?ie=UTF8,2020-09-21 09:23:38.047154,2020-09-21 09:23:38.173059,Carhartt Men's Acrylic Watch Hat,Carhartt Sportswear - Mens,2,B002G9UDYG,AE7SSZYOT6UWUSBEJFS3K2RTRRTQ
698,AFFDV6TWDTFJ4GTV4K36AG6ZIDJA,True,Problème de taille,Beaucoup trop grand pour un adulte...,"November 25, 2018",Amazon Customer,2.0,0,https://www.amazon.ca/gp/profile/amzn1.account.AFFDV6TWDTFJ4GTV4K36AG6ZIDJA/ref=cm_cr_getr_d_gw_btm?ie=UTF8,2020-09-21 09:23:38.177939,2020-09-21 09:23:38.303842,Carhartt Men's Acrylic Watch Hat,Carhartt Sportswear - Mens,2,B002G9UDYG,AE7SSZYOT6UWUSBEJFS3K2RTRRTQ
699,AFJNEAK2S3CH76KAEXZHIIJGCG5Q,True,Best shot I’ve ever had,This is a very warm hat,"January 17, 2020",Sean,5.0,0,https://www.amazon.ca/gp/profile/amzn1.account.AFJNEAK2S3CH76KAEXZHIIJGCG5Q/ref=cm_cr_getr_d_gw_btm?ie=UTF8,2020-09-21 09:23:38.307747,2020-09-21 09:23:38.440483,Carhartt Men's Acrylic Watch Hat,Carhartt Sportswear - Mens,2,B002G9UDYG,AE7SSZYOT6UWUSBEJFS3K2RTRRTQ
700,AF6LQWAUBI7UMVTNXLVG3V7WD3FQ,True,happy,Very good,"June 2, 2018",Amazon Customer,5.0,0,https://www.amazon.ca/gp/profile/amzn1.account.AF6LQWAUBI7UMVTNXLVG3V7WD3FQ/ref=cm_cr_getr_d_gw_btm?ie=UTF8,2020-09-21 09:23:40.565551,2020-09-21 09:23:40.762700,Carhartt Men's Acrylic Watch Hat,Carhartt Sportswear - Mens,2,B002G9UDYG,AE7SSZYOT6UWUSBEJFS3K2RTRRTQ
701,AHZHJNBX6DCLBISPWHYTFN63DKDA,True,Disappointing,Colour not at all like picture ... more of a darker grey.,"January 21, 2020",Amazon Customer,2.0,0,https://www.amazon.ca/gp/profile/amzn1.account.AHZHJNBX6DCLBISPWHYTFN63DKDA/ref=cm_cr_getr_d_gw_btm?ie=UTF8,2020-09-21 09:23:40.768577,2020-09-21 09:23:40.921788,Carhartt Men's Acrylic Watch Hat,Carhartt Sportswear - Mens,2,B002G9UDYG,AE7SSZYOT6UWUSBEJFS3K2RTRRTQ
702,AG344NRUG62DN73Z7RIFVVFHB4EQ,True,Great buy!,Love this hat! Fits perfectly and is super stretchy. Very warm.,"December 5, 2019",Jessica,5.0,0,https://www.amazon.ca/gp/profile/amzn1.account.AG344NRUG62DN73Z7RIFVVFHB4EQ/ref=cm_cr_getr_d_gw_btm?ie=UTF8,2020-09-21 09:23:40.926668,2020-09-21 09:23:41.055499,Carhartt Men's Acrylic Watch Hat,Carhartt Sportswear - Mens,2,B002G9UDYG,AE7SSZYOT6UWUSBEJFS3K2RTRRTQ
703,AF7MNY2O7S7RDX7R4XJBMONC3LMQ,True,Five Stars,very nice.,"May 19, 2018",Amazon Customer,5.0,0,https://www.amazon.ca/gp/profile/amzn1.account.AF7MNY2O7S7RDX7R4XJBMONC3LMQ/ref=cm_cr_getr_d_gw_btm?ie=UTF8,2020-09-21 09:23:41.059405,2020-09-21 09:23:41.188269,Carhartt Men's Acrylic Watch Hat,Carhartt Sportswear - Mens,2,B002G9UDYG,AE7SSZYOT6UWUSBEJFS3K2RTRRTQ
704,AG3EBEJIYJ72RHBUP35KUX34Y7PQ,True,Does its job,Fits like a touque is suppose to fit,"December 9, 2018",Meg J,3.0,0,https://www.amazon.ca/gp/profile/amzn1.account.AG3EBEJIYJ72RHBUP35KUX34Y7PQ/ref=cm_cr_getr_d_gw_btm?ie=UTF8,2020-09-21 09:23:41.192173,2020-09-21 09:23:41.318076,Carhartt Men's Acrylic Watch Hat,Carhartt Sportswear - Mens,2,B002G9UDYG,AE7SSZYOT6UWUSBEJFS3K2RTRRTQ
705,AFQZIY4CPMNUOF5RWMK2JUABQVQQ,True,Very warm,Comfortable,"December 7, 2019",Shawn G,5.0,0,https://www.amazon.ca/gp/profile/amzn1.account.AFQZIY4CPMNUOF5RWMK2JUABQVQQ/ref=cm_cr_getr_d_gw_btm?ie=UTF8,2020-09-21 09:23:41.321980,2020-09-21 09:23:41.451833,Carhartt Men's Acrylic Watch Hat,Carhartt Sportswear - Mens,2,B002G9UDYG,AE7SSZYOT6UWUSBEJFS3K2RTRRTQ
706,AG7PVXKTDOFGFTGDLLUBVZ5YZSOA,True,Nice,Nice,"March 14, 2019",Amazon Customer,5.0,0,https://www.amazon.ca/gp/profile/amzn1.account.AG7PVXKTDOFGFTGDLLUBVZ5YZSOA/ref=cm_cr_getr_d_gw_btm?ie=UTF8,2020-09-21 09:23:41.456739,2020-09-21 09:23:41.585544,Carhartt Men's Acrylic Watch Hat,Carhartt Sportswear - Mens,2,B002G9UDYG,AE7SSZYOT6UWUSBEJFS3K2RTRRTQ
707,AHBHNOW36PCMTETPTR4C55TT6FBQ,True,Good purchase,It’s warm and fits well.,"February 9, 2019",Trina B,5.0,0,https://www.amazon.ca/gp/profile/amzn1.account.AHBHNOW36PCMTETPTR4C55TT6FBQ/ref=cm_cr_getr_d_gw_btm?ie=UTF8,2020-09-21 09:23:41.590424,2020-09-21 09:23:41.718319,Carhartt Men's Acrylic Watch Hat,Carhartt Sportswear - Mens,2,B002G9UDYG,AE7SSZYOT6UWUSBEJFS3K2RTRRTQ
708,AHFCMZ3GITSTQWONCFWXPW6W5PZQ,True,A bit large,A bit bigger than I thought but good quality,"May 30, 2020",WILLIAM K,3.0,0,https://www.amazon.ca/gp/profile/amzn1.account.AHFCMZ3GITSTQWONCFWXPW6W5PZQ/ref=cm_cr_getr_d_gw_btm?ie=UTF8,2020-09-21 09:23:41.723200,2020-09-21 09:23:41.852030,Carhartt Men's Acrylic Watch Hat,Carhartt Sportswear - Mens,2,B002G9UDYG,AE7SSZYOT6UWUSBEJFS3K2RTRRTQ
709,AESUJPCU2PKR7S2733WS4E6WWUCQ,True,Warm enough for Canadian,"Warm enough for. Anaximander winter, loving it !","February 13, 2020",Michel L.,5.0,0,https://www.amazon.ca/gp/profile/amzn1.account.AESUJPCU2PKR7S2733WS4E6WWUCQ/ref=cm_cr_getr_d_gw_btm?ie=UTF8,2020-09-21 09:23:41.855936,2020-09-21 09:23:41.983815,Carhartt Men's Acrylic Watch Hat,Carhartt Sportswear - Mens,2,B002G9UDYG,AE7SSZYOT6UWUSBEJFS3K2RTRRTQ
710,AFPEVV227FCA7LBOMWZUOAEXDVLQ,True,Fits good,Solid toque,"November 16, 2019",Amazon Customer,5.0,0,https://www.amazon.ca/gp/profile/amzn1.account.AFPEVV227FCA7LBOMWZUOAEXDVLQ/ref=cm_cr_getr_d_gw_btm?ie=UTF8,2020-09-21 09:23:47.114554,2020-09-21 09:23:47.277545,Carhartt Men's Acrylic Watch Hat,Carhartt Sportswear - Mens,2,B002G9UDYG,AE7SSZYOT6UWUSBEJFS3K2RTRRTQ
711,AGJZWSCDAWK6R4AXF2MS7BL6HOPQ,True,Good! the quality good be improved a bit!,"fits very nice! the quality is good but not the best, starts to peel after a while!","February 19, 2020",Jaimee Sinke,4.0,0,https://www.amazon.ca/gp/profile/amzn1.account.AGJZWSCDAWK6R4AXF2MS7BL6HOPQ/ref=cm_cr_getr_d_gw_btm?ie=UTF8,2020-09-21 09:23:47.281449,2020-09-21 09:23:47.408329,Carhartt Men's Acrylic Watch Hat,Carhartt Sportswear - Mens,2,B002G9UDYG,AE7SSZYOT6UWUSBEJFS3K2RTRRTQ
712,AHLOOT7CRZLSWBJQ4F3NCKOEHHDQ,True,Exactly what you want,"Great quality, exactly what you’d expect to get","August 16, 2020",leighanne,5.0,0,https://www.amazon.ca/gp/profile/amzn1.account.AHLOOT7CRZLSWBJQ4F3NCKOEHHDQ/ref=cm_cr_getr_d_gw_btm?ie=UTF8,2020-09-21 09:23:47.413208,2020-09-21 09:23:47.539113,Carhartt Men's Acrylic Watch Hat,Carhartt Sportswear - Mens,2,B002G9UDYG,AE7SSZYOT6UWUSBEJFS3K2RTRRTQ
713,AFVS4FZYPFZUYYURSH5SX4X5H5GA,True,Five Stars,Solid quality as expected.,"November 18, 2017",nites07,5.0,0,https://www.amazon.ca/gp/profile/amzn1.account.AFVS4FZYPFZUYYURSH5SX4X5H5GA/ref=cm_cr_getr_d_gw_btm?ie=UTF8,2020-09-21 09:23:47.543016,2020-09-21 09:23:47.671921,Carhartt Men's Acrylic Watch Hat,Carhartt Sportswear - Mens,2,B002G9UDYG,AE7SSZYOT6UWUSBEJFS3K2RTRRTQ
714,AG5VYV4AMZSXTKKW63AOJF65DSDQ,True,Good value for the money,Great product. I gave them as gifts. Everyone liked them.,"December 28, 2019",Liz ,5.0,0,https://www.amazon.ca/gp/profile/amzn1.account.AG5VYV4AMZSXTKKW63AOJF65DSDQ/ref=cm_cr_getr_d_gw_btm?ie=UTF8,2020-09-21 09:23:47.676802,2020-09-21 09:23:47.804682,Carhartt Men's Acrylic Watch Hat,Carhartt Sportswear - Mens,2,B002G9UDYG,AE7SSZYOT6UWUSBEJFS3K2RTRRTQ
715,AEUWZFILBV423P3WIKNUXOUHWBVQ,True,Great hat,Awesome gift,"December 10, 2019",Maggie ,5.0,0,https://www.amazon.ca/gp/profile/amzn1.account.AEUWZFILBV423P3WIKNUXOUHWBVQ/ref=cm_cr_getr_d_gw_btm?ie=UTF8,2020-09-21 09:23:47.808562,2020-09-21 09:23:47.936419,Carhartt Men's Acrylic Watch Hat,Carhartt Sportswear - Mens,2,B002G9UDYG,AE7SSZYOT6UWUSBEJFS3K2RTRRTQ
716,AFBZDWGYY3VVA3GCU3DV45UKYKHA,True,Best Hat on market,Only Brand I ever buy !,"November 21, 2019",john douglas,5.0,0,https://www.amazon.ca/gp/profile/amzn1.account.AFBZDWGYY3VVA3GCU3DV45UKYKHA/ref=cm_cr_getr_d_gw_btm?ie=UTF8,2020-09-21 09:23:47.941297,2020-09-21 09:23:48.075009,Carhartt Men's Acrylic Watch Hat,Carhartt Sportswear - Mens,2,B002G9UDYG,AE7SSZYOT6UWUSBEJFS3K2RTRRTQ
717,AGZYUAYUZWWOPVM3RMA5PRXA2SUA,True,Great,Awesome,"January 5, 2019",kevin goerk,5.0,0,https://www.amazon.ca/gp/profile/amzn1.account.AGZYUAYUZWWOPVM3RMA5PRXA2SUA/ref=cm_cr_getr_d_gw_btm?ie=UTF8,2020-09-21 09:23:48.078913,2020-09-21 09:23:48.206769,Carhartt Men's Acrylic Watch Hat,Carhartt Sportswear - Mens,2,B002G9UDYG,AE7SSZYOT6UWUSBEJFS3K2RTRRTQ
718,AHDDY26ZJKW6M3HWNTBTPOTLU34A,True,Nice hat/Nice price,Excellent quality.. husband loves it!,"December 11, 2019",Melissa,5.0,0,https://www.amazon.ca/gp/profile/amzn1.account.AHDDY26ZJKW6M3HWNTBTPOTLU34A/ref=cm_cr_getr_d_gw_btm?ie=UTF8,2020-09-21 09:23:48.210673,2020-09-21 09:23:48.342458,Carhartt Men's Acrylic Watch Hat,Carhartt Sportswear - Mens,2,B002G9UDYG,AE7SSZYOT6UWUSBEJFS3K2RTRRTQ
719,AGSVY6XS7WBZM3DYT2EX24VHGI3A,True,Great purchase,"Perfect for working outside in the cold, perfect fit.","November 27, 2019",Jesus Ledesma,5.0,0,https://www.amazon.ca/gp/profile/amzn1.account.AGSVY6XS7WBZM3DYT2EX24VHGI3A/ref=cm_cr_getr_d_gw_btm?ie=UTF8,2020-09-21 09:23:48.346336,2020-09-21 09:23:48.474195,Carhartt Men's Acrylic Watch Hat,Carhartt Sportswear - Mens,2,B002G9UDYG,AE7SSZYOT6UWUSBEJFS3K2RTRRTQ
720,AGLR6CPJS27UKHFL26A7N2EY6JHQ,True,Love it,Perfect!,"August 9, 2020",Mallory pool,5.0,0,https://www.amazon.ca/gp/profile/amzn1.account.AGLR6CPJS27UKHFL26A7N2EY6JHQ/ref=cm_cr_getr_d_gw_btm?ie=UTF8,2020-09-21 09:23:53.614989,2020-09-21 09:23:53.759436,Carhartt Men's Acrylic Watch Hat,Carhartt Sportswear - Mens,2,B002G9UDYG,AE7SSZYOT6UWUSBEJFS3K2RTRRTQ
721,AH4PJUE3O336N66T4ULR6PXX3KDQ,True,Item is exactly as described,Great toque.,"June 3, 2020",Shawn,5.0,0,https://www.amazon.ca/gp/profile/amzn1.account.AH4PJUE3O336N66T4ULR6PXX3KDQ/ref=cm_cr_getr_d_gw_btm?ie=UTF8,2020-09-21 09:23:53.763340,2020-09-21 09:23:53.890219,Carhartt Men's Acrylic Watch Hat,Carhartt Sportswear - Mens,2,B002G9UDYG,AE7SSZYOT6UWUSBEJFS3K2RTRRTQ
722,AGPDUK65NMHURFTWA4KJ2BVT47JA,True,Slightly diff colour,Not the colour I was expecting,"December 27, 2019",laura lowden,3.0,0,https://www.amazon.ca/gp/profile/amzn1.account.AGPDUK65NMHURFTWA4KJ2BVT47JA/ref=cm_cr_getr_d_gw_btm?ie=UTF8,2020-09-21 09:23:53.894124,2020-09-21 09:23:54.021005,Carhartt Men's Acrylic Watch Hat,Carhartt Sportswear - Mens,2,B002G9UDYG,AE7SSZYOT6UWUSBEJFS3K2RTRRTQ
723,AHP6SLVULBXOWIP3JWUTJ4OYUB7Q,True,"Comfy hat, nice colour","Fit my big head great with a little extra room, nice material would definitely recommend.","December 27, 2018",Quinn,5.0,0,https://www.amazon.ca/gp/profile/amzn1.account.AHP6SLVULBXOWIP3JWUTJ4OYUB7Q/ref=cm_cr_getr_d_gw_btm?ie=UTF8,2020-09-21 09:23:54.024908,2020-09-21 09:23:54.153740,Carhartt Men's Acrylic Watch Hat,Carhartt Sportswear - Mens,2,B002G9UDYG,AE7SSZYOT6UWUSBEJFS3K2RTRRTQ
724,AHHPNAOV4WXJLKX4G6CBIVRESRSQ,True,Five Stars,"Fantastic, as every other carhartt product.","January 8, 2018",Ricardo Q,5.0,0,https://www.amazon.ca/gp/profile/amzn1.account.AHHPNAOV4WXJLKX4G6CBIVRESRSQ/ref=cm_cr_getr_d_gw_btm?ie=UTF8,2020-09-21 09:23:54.157643,2020-09-21 09:23:54.285500,Carhartt Men's Acrylic Watch Hat,Carhartt Sportswear - Mens,2,B002G9UDYG,AE7SSZYOT6UWUSBEJFS3K2RTRRTQ
725,AEESHHNTUZNHB3NQE4UVXL53V4VQ,True,Good product,Arrived quickly and as advertised,"February 2, 2019",mathews,5.0,0,https://www.amazon.ca/gp/profile/amzn1.account.AEESHHNTUZNHB3NQE4UVXL53V4VQ/ref=cm_cr_getr_d_gw_btm?ie=UTF8,2020-09-21 09:23:54.289403,2020-09-21 09:23:54.419211,Carhartt Men's Acrylic Watch Hat,Carhartt Sportswear - Mens,2,B002G9UDYG,AE7SSZYOT6UWUSBEJFS3K2RTRRTQ
726,AHSI5YJJWTRSQSM4OB3NGK4UJWRA,True,Perfect fit and warmth,Perfect fit and warmth. Love the colour,"February 27, 2020",Sharon Mitchell,5.0,0,https://www.amazon.ca/gp/profile/amzn1.account.AHSI5YJJWTRSQSM4OB3NGK4UJWRA/ref=cm_cr_getr_d_gw_btm?ie=UTF8,2020-09-21 09:23:54.423114,2020-09-21 09:23:54.549994,Carhartt Men's Acrylic Watch Hat,Carhartt Sportswear - Mens,2,B002G9UDYG,AE7SSZYOT6UWUSBEJFS3K2RTRRTQ
727,AEBDQKHLUBX7QO3BGUJBKCZA6K7A,True,Lit,Bro this hat is everything I wanted,"February 2, 2020",Eggs,5.0,0,https://www.amazon.ca/gp/profile/amzn1.account.AEBDQKHLUBX7QO3BGUJBKCZA6K7A/ref=cm_cr_getr_d_gw_btm?ie=UTF8,2020-09-21 09:23:54.553899,2020-09-21 09:23:54.681754,Carhartt Men's Acrylic Watch Hat,Carhartt Sportswear - Mens,2,B002G9UDYG,AE7SSZYOT6UWUSBEJFS3K2RTRRTQ
728,AFM2O74YBYA4JWRXOJEFLWR5VYWQ,True,Five Stars,great quality hat,"January 17, 2018",Lauren,5.0,0,https://www.amazon.ca/gp/profile/amzn1.account.AFM2O74YBYA4JWRXOJEFLWR5VYWQ/ref=cm_cr_getr_d_gw_btm?ie=UTF8,2020-09-21 09:23:54.685658,2020-09-21 09:23:54.817417,Carhartt Men's Acrylic Watch Hat,Carhartt Sportswear - Mens,2,B002G9UDYG,AE7SSZYOT6UWUSBEJFS3K2RTRRTQ
729,AEVLVKNHJXQIVOQNXRDRRHODO7ZQ,True,Great quality,Fits my husband perfect! Great quality and warm!,"October 18, 2019",Jessica Seaton,5.0,0,https://www.amazon.ca/gp/profile/amzn1.account.AEVLVKNHJXQIVOQNXRDRRHODO7ZQ/ref=cm_cr_getr_d_gw_btm?ie=UTF8,2020-09-21 09:23:54.822298,2020-09-21 09:23:54.952132,Carhartt Men's Acrylic Watch Hat,Carhartt Sportswear - Mens,2,B002G9UDYG,AE7SSZYOT6UWUSBEJFS3K2RTRRTQ
730,AFTEWXIEYHIHBVYKJB6ELPXZ7FWQ,True,Love it would purchase again,Super cute. Love the colour,"December 31, 2018",StephC,5.0,0,https://www.amazon.ca/gp/profile/amzn1.account.AFTEWXIEYHIHBVYKJB6ELPXZ7FWQ/ref=cm_cr_getr_d_gw_btm?ie=UTF8,2020-09-21 09:23:58.096773,2020-09-21 09:23:58.279281,Carhartt Men's Acrylic Watch Hat,Carhartt Sportswear - Mens,2,B002G9UDYG,AE7SSZYOT6UWUSBEJFS3K2RTRRTQ
731,AETM5RZAPNSYB2SYCZ6QYDWJMLUA,True,Warm,Very comfortable and warm,"December 25, 2019",Ken Buchanan,5.0,0,https://www.amazon.ca/gp/profile/amzn1.account.AETM5RZAPNSYB2SYCZ6QYDWJMLUA/ref=cm_cr_getr_d_gw_btm?ie=UTF8,2020-09-21 09:23:58.285137,2020-09-21 09:23:58.411043,Carhartt Men's Acrylic Watch Hat,Carhartt Sportswear - Mens,2,B002G9UDYG,AE7SSZYOT6UWUSBEJFS3K2RTRRTQ
732,AFTCQVHBXERZVHHSBETOAMN32ZOQ,True,Great winter hat,"Great hat, even bought another cause they are so well made!","July 30, 2018",Scott_Q97,5.0,0,https://www.amazon.ca/gp/profile/amzn1.account.AFTCQVHBXERZVHHSBETOAMN32ZOQ/ref=cm_cr_getr_d_gw_btm?ie=UTF8,2020-09-21 09:23:58.415947,2020-09-21 09:23:58.539873,Carhartt Men's Acrylic Watch Hat,Carhartt Sportswear - Mens,2,B002G9UDYG,AE7SSZYOT6UWUSBEJFS3K2RTRRTQ
733,AFA6QPJMI5UJ6SUUNKVTCO45EFUQ,True,I'm a Carhartt fan!,No complaints,"December 18, 2019",Sticky,5.0,0,https://www.amazon.ca/gp/profile/amzn1.account.AFA6QPJMI5UJ6SUUNKVTCO45EFUQ/ref=cm_cr_getr_d_gw_btm?ie=UTF8,2020-09-21 09:23:58.543781,2020-09-21 09:23:58.674560,Carhartt Men's Acrylic Watch Hat,Carhartt Sportswear - Mens,2,B002G9UDYG,AE7SSZYOT6UWUSBEJFS3K2RTRRTQ
734,AGD5TIO2YEQZDNDPU25JV24BSATQ,True,Five Stars,My daughter loves them,"March 14, 2018",Amazon Customer,5.0,0,https://www.amazon.ca/gp/profile/amzn1.account.AGD5TIO2YEQZDNDPU25JV24BSATQ/ref=cm_cr_getr_d_gw_btm?ie=UTF8,2020-09-21 09:23:58.678465,2020-09-21 09:23:58.810225,Carhartt Men's Acrylic Watch Hat,Carhartt Sportswear - Mens,2,B002G9UDYG,AE7SSZYOT6UWUSBEJFS3K2RTRRTQ
735,AFNNVX2N46G6QGQH5R6G4GZBP56Q,True,Perfect,Shipped quickly and hat is great. They are my go-tos,"January 3, 2020",Amazon Customer,5.0,0,https://www.amazon.ca/gp/profile/amzn1.account.AFNNVX2N46G6QGQH5R6G4GZBP56Q/ref=cm_cr_getr_d_gw_btm?ie=UTF8,2020-09-21 09:23:58.815131,2020-09-21 09:23:58.941007,Carhartt Men's Acrylic Watch Hat,Carhartt Sportswear - Mens,2,B002G9UDYG,AE7SSZYOT6UWUSBEJFS3K2RTRRTQ
736,AG73HPTH6SJU3UCG4EPDR4WH2RWA,True,Four Stars,Husband loves it.,"January 25, 2018",Ngu,4.0,0,https://www.amazon.ca/gp/profile/amzn1.account.AG73HPTH6SJU3UCG4EPDR4WH2RWA/ref=cm_cr_getr_d_gw_btm?ie=UTF8,2020-09-21 09:23:58.945913,2020-09-21 09:23:59.070816,Carhartt Men's Acrylic Watch Hat,Carhartt Sportswear - Mens,2,B002G9UDYG,AE7SSZYOT6UWUSBEJFS3K2RTRRTQ
737,AGX5AUA4ALMANKRTUVOGXZ46U5KQ,True,Amazing,"Amazing. It’s soft and warm, my husband hasn’t taken it off in days.","December 31, 2019",Emily,5.0,0,https://www.amazon.ca/gp/profile/amzn1.account.AGX5AUA4ALMANKRTUVOGXZ46U5KQ/ref=cm_cr_getr_d_gw_btm?ie=UTF8,2020-09-21 09:23:59.074720,2020-09-21 09:23:59.199650,Carhartt Men's Acrylic Watch Hat,Carhartt Sportswear - Mens,2,B002G9UDYG,AE7SSZYOT6UWUSBEJFS3K2RTRRTQ
738,AFLNPDEFDQHE6KQYG6YMGJCS5OXA,True,Five Stars,Keeps my head warm,"January 11, 2018",Amazon Customer,5.0,0,https://www.amazon.ca/gp/profile/amzn1.account.AFLNPDEFDQHE6KQYG6YMGJCS5OXA/ref=cm_cr_getr_d_gw_btm?ie=UTF8,2020-09-21 09:23:59.203551,2020-09-21 09:23:59.330431,Carhartt Men's Acrylic Watch Hat,Carhartt Sportswear - Mens,2,B002G9UDYG,AE7SSZYOT6UWUSBEJFS3K2RTRRTQ
739,AF3V6A7FMCD5IEHZMMICY363LD5Q,True,SNUG,Good colour! Good hat! But too damn tight!,"January 28, 2019",Amazon Customer,4.0,0,https://www.amazon.ca/gp/profile/amzn1.account.AF3V6A7FMCD5IEHZMMICY363LD5Q/ref=cm_cr_getr_d_gw_btm?ie=UTF8,2020-09-21 09:23:59.335311,2020-09-21 09:23:59.467071,Carhartt Men's Acrylic Watch Hat,Carhartt Sportswear - Mens,2,B002G9UDYG,AE7SSZYOT6UWUSBEJFS3K2RTRRTQ
740,AFN3QI7Y5TVIZPRYSIDOY3CVC72A,True,Excellent,Excellent,"January 12, 2020",Boris Drojinsky,5.0,0,https://www.amazon.ca/gp/profile/amzn1.account.AFN3QI7Y5TVIZPRYSIDOY3CVC72A/ref=cm_cr_getr_d_gw_btm?ie=UTF8,2020-09-21 09:24:03.585627,2020-09-21 09:24:03.737883,Carhartt Men's Acrylic Watch Hat,Carhartt Sportswear - Mens,2,B002G9UDYG,AE7SSZYOT6UWUSBEJFS3K2RTRRTQ
741,AFPSJLM4KCOGVGHI6LXVYZEV2BEA,True,Sweet deal.,Interesting color.,"December 18, 2017",Justin Strachan,5.0,0,https://www.amazon.ca/gp/profile/amzn1.account.AFPSJLM4KCOGVGHI6LXVYZEV2BEA/ref=cm_cr_getr_d_gw_btm?ie=UTF8,2020-09-21 09:24:03.741785,2020-09-21 09:24:03.869641,Carhartt Men's Acrylic Watch Hat,Carhartt Sportswear - Mens,2,B002G9UDYG,AE7SSZYOT6UWUSBEJFS3K2RTRRTQ
742,AFPGMZZZVK4TPS73LPSTBRD6GWWA,True,Solid choice,Nice quality.,"January 27, 2020",David B,5.0,0,https://www.amazon.ca/gp/profile/amzn1.account.AFPGMZZZVK4TPS73LPSTBRD6GWWA/ref=cm_cr_getr_d_gw_btm?ie=UTF8,2020-09-21 09:24:03.873544,2020-09-21 09:24:04.000456,Carhartt Men's Acrylic Watch Hat,Carhartt Sportswear - Mens,2,B002G9UDYG,AE7SSZYOT6UWUSBEJFS3K2RTRRTQ
743,AFGQU36XQGFX2UMZJNSARR5CPDNA,True,Satisfied,Very nice hat. My daughter wants every colour!,"February 9, 2020",Rhonda Podger,5.0,0,https://www.amazon.ca/gp/profile/amzn1.account.AFGQU36XQGFX2UMZJNSARR5CPDNA/ref=cm_cr_getr_d_gw_btm?ie=UTF8,2020-09-21 09:24:04.005336,2020-09-21 09:24:04.131240,Carhartt Men's Acrylic Watch Hat,Carhartt Sportswear - Mens,2,B002G9UDYG,AE7SSZYOT6UWUSBEJFS3K2RTRRTQ
744,AEKHRAD3MXNRXAKTHLUKHVSJRANQ,True,Just buy it!,"Very warm, comfortable and looks great.","February 2, 2020",KG,5.0,0,https://www.amazon.ca/gp/profile/amzn1.account.AEKHRAD3MXNRXAKTHLUKHVSJRANQ/ref=cm_cr_getr_d_gw_btm?ie=UTF8,2020-09-21 09:24:04.135144,2020-09-21 09:24:04.261082,Carhartt Men's Acrylic Watch Hat,Carhartt Sportswear - Mens,2,B002G9UDYG,AE7SSZYOT6UWUSBEJFS3K2RTRRTQ
745,AGTHRZAWUN7RN3547WXGN6NTYRJA,True,Comfy and warm,Perfect fit,"February 5, 2020",Kevin Amesbury,5.0,0,https://www.amazon.ca/gp/profile/amzn1.account.AGTHRZAWUN7RN3547WXGN6NTYRJA/ref=cm_cr_getr_d_gw_btm?ie=UTF8,2020-09-21 09:24:04.265963,2020-09-21 09:24:04.396747,Carhartt Men's Acrylic Watch Hat,Carhartt Sportswear - Mens,2,B002G9UDYG,AE7SSZYOT6UWUSBEJFS3K2RTRRTQ
746,AGF4RLGCX6SHLSM4OVFYZB7WRURA,True,Love it,Love this hat,"December 3, 2019",Jessesmallwood,5.0,0,https://www.amazon.ca/gp/profile/amzn1.account.AGF4RLGCX6SHLSM4OVFYZB7WRURA/ref=cm_cr_getr_d_gw_btm?ie=UTF8,2020-09-21 09:24:04.401626,2020-09-21 09:24:04.529534,Carhartt Men's Acrylic Watch Hat,Carhartt Sportswear - Mens,2,B002G9UDYG,AE7SSZYOT6UWUSBEJFS3K2RTRRTQ
747,AHHXG6U27X4MYCMUI6COD5OXH5OA,True,Five Stars,It's all good!,"February 17, 2018",Wayne Trudel,5.0,0,https://www.amazon.ca/gp/profile/amzn1.account.AHHXG6U27X4MYCMUI6COD5OXH5OA/ref=cm_cr_getr_d_gw_btm?ie=UTF8,2020-09-21 09:24:04.533439,2020-09-21 09:24:04.660318,Carhartt Men's Acrylic Watch Hat,Carhartt Sportswear - Mens,2,B002G9UDYG,AE7SSZYOT6UWUSBEJFS3K2RTRRTQ
748,AGAOH37ZV2OLA2TK7WRY24GKBW2A,True,Great hat for the money.,Cheap acrylic but it's not itchy. I couldn't find a hat this colour in a store so the choice on here is great. Sticks up a bit over the top of your head which I don't mind.,"February 20, 2018",pattoni,5.0,0,https://www.amazon.ca/gp/profile/amzn1.account.AGAOH37ZV2OLA2TK7WRY24GKBW2A/ref=cm_cr_getr_d_gw_btm?ie=UTF8,2020-09-21 09:24:04.665198,2020-09-21 09:24:04.796015,Carhartt Men's Acrylic Watch Hat,Carhartt Sportswear - Mens,2,B002G9UDYG,AE7SSZYOT6UWUSBEJFS3K2RTRRTQ
749,AGPUXUCN674WSHUFTLL6C5JNNMNQ,True,Love it,Love it !! Fits perfect,"November 2, 2019",Marlayna,5.0,0,https://www.amazon.ca/gp/profile/amzn1.account.AGPUXUCN674WSHUFTLL6C5JNNMNQ/ref=cm_cr_getr_d_gw_btm?ie=UTF8,2020-09-21 09:24:04.800895,2020-09-21 09:24:04.983422,Carhartt Men's Acrylic Watch Hat,Carhartt Sportswear - Mens,2,B002G9UDYG,AE7SSZYOT6UWUSBEJFS3K2RTRRTQ
750,AHBSZT6A4RK4T6OARQJPI3T7GUUA,True,Five Stars,Amazing quality and fit . Thanks,"February 20, 2018",Amazon Customer,5.0,0,https://www.amazon.ca/gp/profile/amzn1.account.AHBSZT6A4RK4T6OARQJPI3T7GUUA/ref=cm_cr_getr_d_gw_btm?ie=UTF8,2020-09-21 09:24:10.090860,2020-09-21 09:24:10.263578,Carhartt Men's Acrylic Watch Hat,Carhartt Sportswear - Mens,2,B002G9UDYG,AE7SSZYOT6UWUSBEJFS3K2RTRRTQ
751,AFQAFA5NPMF7KD7JZZQ26HG3JIAQ,True,Colour,My only complaint is the colour is a tad darker than the picture! But other than that it’s perfect & fast shipping too,"November 29, 2018",Jamie,4.0,0,https://www.amazon.ca/gp/profile/amzn1.account.AFQAFA5NPMF7KD7JZZQ26HG3JIAQ/ref=cm_cr_getr_d_gw_btm?ie=UTF8,2020-09-21 09:24:10.268459,2020-09-21 09:24:10.398266,Carhartt Men's Acrylic Watch Hat,Carhartt Sportswear - Mens,2,B002G9UDYG,AE7SSZYOT6UWUSBEJFS3K2RTRRTQ
752,AFSNEWO2HFFOY6NQNJOGAFLUGVPQ,True,Not a Knockoff!,Authentic,"November 15, 2019",Michelle,5.0,0,https://www.amazon.ca/gp/profile/amzn1.account.AFSNEWO2HFFOY6NQNJOGAFLUGVPQ/ref=cm_cr_getr_d_gw_btm?ie=UTF8,2020-09-21 09:24:10.403147,2020-09-21 09:24:10.531979,Carhartt Men's Acrylic Watch Hat,Carhartt Sportswear - Mens,2,B002G9UDYG,AE7SSZYOT6UWUSBEJFS3K2RTRRTQ
753,AHFQ4FFUMB3BQ7FG3BQQELVKMSDQ,True,"Great quality, Washes well","Great product, wonderful quality. It has been wash a number of times and no shrinking or fading","March 20, 2019",Amazon2327,5.0,0,https://www.amazon.ca/gp/profile/amzn1.account.AHFQ4FFUMB3BQ7FG3BQQELVKMSDQ/ref=cm_cr_getr_d_gw_btm?ie=UTF8,2020-09-21 09:24:10.536865,2020-09-21 09:24:10.661897,Carhartt Men's Acrylic Watch Hat,Carhartt Sportswear - Mens,2,B002G9UDYG,AE7SSZYOT6UWUSBEJFS3K2RTRRTQ
754,AERFBGZT3NSYDINEKH373UGQMD5Q,True,Great beanie,"Very comfy, soft and looks great.","November 25, 2019",Essie,5.0,0,https://www.amazon.ca/gp/profile/amzn1.account.AERFBGZT3NSYDINEKH373UGQMD5Q/ref=cm_cr_getr_d_gw_btm?ie=UTF8,2020-09-21 09:24:10.666777,2020-09-21 09:24:10.799513,Carhartt Men's Acrylic Watch Hat,Carhartt Sportswear - Mens,2,B002G9UDYG,AE7SSZYOT6UWUSBEJFS3K2RTRRTQ
755,AH6TONTFI7BOJN2VQWZKFVM735KQ,True,Real deal,Came as described very warm and fits good,"January 7, 2020",Chad Cassidy,5.0,0,https://www.amazon.ca/gp/profile/amzn1.account.AH6TONTFI7BOJN2VQWZKFVM735KQ/ref=cm_cr_getr_d_gw_btm?ie=UTF8,2020-09-21 09:24:10.803419,2020-09-21 09:24:10.926393,Carhartt Men's Acrylic Watch Hat,Carhartt Sportswear - Mens,2,B002G9UDYG,AE7SSZYOT6UWUSBEJFS3K2RTRRTQ
756,AF27EFYQ3AKHQUG3BHW2YTYCT3TA,True,Perfect,"Very warm, and well made.
Better than I expected!
Looks and fits great.","January 4, 2019",Amazon Customer,4.0,0,https://www.amazon.ca/gp/profile/amzn1.account.AF27EFYQ3AKHQUG3BHW2YTYCT3TA/ref=cm_cr_getr_d_gw_btm?ie=UTF8,2020-09-21 09:24:10.931276,2020-09-21 09:24:11.056254,Carhartt Men's Acrylic Watch Hat,Carhartt Sportswear - Mens,2,B002G9UDYG,AE7SSZYOT6UWUSBEJFS3K2RTRRTQ
757,AGAYEVGCU4KHGCH6VIEK7LPEUR5A,True,Great for cold weather,"Good fabric, fits well and is very warm","November 26, 2019",Mitchel Mahar,5.0,0,https://www.amazon.ca/gp/profile/amzn1.account.AGAYEVGCU4KHGCH6VIEK7LPEUR5A/ref=cm_cr_getr_d_gw_btm?ie=UTF8,2020-09-21 09:24:11.060158,2020-09-21 09:24:11.190941,Carhartt Men's Acrylic Watch Hat,Carhartt Sportswear - Mens,2,B002G9UDYG,AE7SSZYOT6UWUSBEJFS3K2RTRRTQ
758,AGY75GPG3R2JSFUAE5JOPCO2Q6UQ,True,awesome,love this hat!,"November 15, 2019",Madison Aquino,5.0,0,https://www.amazon.ca/gp/profile/amzn1.account.AGY75GPG3R2JSFUAE5JOPCO2Q6UQ/ref=cm_cr_getr_d_gw_btm?ie=UTF8,2020-09-21 09:24:11.193870,2020-09-21 09:24:11.321725,Carhartt Men's Acrylic Watch Hat,Carhartt Sportswear - Mens,2,B002G9UDYG,AE7SSZYOT6UWUSBEJFS3K2RTRRTQ
759,AGENXCPECIVSDBUVIJ7GY5ZCAGGQ,True,Nice hat,Good.,"August 5, 2020",Amazon Customer,5.0,0,https://www.amazon.ca/gp/profile/amzn1.account.AGENXCPECIVSDBUVIJ7GY5ZCAGGQ/ref=cm_cr_getr_d_gw_btm?ie=UTF8,2020-09-21 09:24:11.325630,2020-09-21 09:24:11.456413,Carhartt Men's Acrylic Watch Hat,Carhartt Sportswear - Mens,2,B002G9UDYG,AE7SSZYOT6UWUSBEJFS3K2RTRRTQ
760,AGKZPLNM2QFZ5OQLM5AIQ432N32A,True,Great fit,"Very warm, soft material","November 21, 2019",Amazon Customer,5.0,0,https://www.amazon.ca/gp/profile/amzn1.account.AGKZPLNM2QFZ5OQLM5AIQ432N32A/ref=cm_cr_getr_d_gw_btm?ie=UTF8,2020-09-21 09:24:13.602917,2020-09-21 09:24:13.891811,Carhartt Men's Acrylic Watch Hat,Carhartt Sportswear - Mens,2,B002G9UDYG,AE7SSZYOT6UWUSBEJFS3K2RTRRTQ
761,AELYRE3PF236JSCN2GMTBF233L4A,True,Perfect,Fit perfectly!,"February 25, 2020",Amanda L,5.0,0,https://www.amazon.ca/gp/profile/amzn1.account.AELYRE3PF236JSCN2GMTBF233L4A/ref=cm_cr_getr_d_gw_btm?ie=UTF8,2020-09-21 09:24:13.897667,2020-09-21 09:24:14.104579,Carhartt Men's Acrylic Watch Hat,Carhartt Sportswear - Mens,2,B002G9UDYG,AE7SSZYOT6UWUSBEJFS3K2RTRRTQ
762,AF32SXWANUZW2V3OJSNUM3BKRTDA,True,A little toght,A little tight,"February 28, 2020",LA Herbs,4.0,0,https://www.amazon.ca/gp/profile/amzn1.account.AF32SXWANUZW2V3OJSNUM3BKRTDA/ref=cm_cr_getr_d_gw_btm?ie=UTF8,2020-09-21 09:24:14.110435,2020-09-21 09:24:14.292946,Carhartt Men's Acrylic Watch Hat,Carhartt Sportswear - Mens,2,B002G9UDYG,AE7SSZYOT6UWUSBEJFS3K2RTRRTQ
763,AFARSV7ACTGYDTX6JMERAZ6O2TMA,True,4 Star,Feels thin but Keeps head extra warm!,"August 18, 2018",Chantelle,4.0,0,https://www.amazon.ca/gp/profile/amzn1.account.AFARSV7ACTGYDTX6JMERAZ6O2TMA/ref=cm_cr_getr_d_gw_btm?ie=UTF8,2020-09-21 09:24:14.297826,2020-09-21 09:24:14.430562,Carhartt Men's Acrylic Watch Hat,Carhartt Sportswear - Mens,2,B002G9UDYG,AE7SSZYOT6UWUSBEJFS3K2RTRRTQ
764,AEB3CL3OLSOSEDDDKOMPHPGISQMA,True,Exactly what I wanted,Love it,"February 6, 2020",Elora Henry,5.0,0,https://www.amazon.ca/gp/profile/amzn1.account.AEB3CL3OLSOSEDDDKOMPHPGISQMA/ref=cm_cr_getr_d_gw_btm?ie=UTF8,2020-09-21 09:24:14.434466,2020-09-21 09:24:14.565250,Carhartt Men's Acrylic Watch Hat,Carhartt Sportswear - Mens,2,B002G9UDYG,AE7SSZYOT6UWUSBEJFS3K2RTRRTQ
765,AH2KCOYJY2F4KZCQQWAJ54ZHU4BQ,True,Very nice beanie,"Got the brown colour. Its very comfortable, warm, and the colour is really nice.","December 14, 2019",Brian D,5.0,0,https://www.amazon.ca/gp/profile/amzn1.account.AH2KCOYJY2F4KZCQQWAJ54ZHU4BQ/ref=cm_cr_getr_d_gw_btm?ie=UTF8,2020-09-21 09:24:14.570130,2020-09-21 09:24:14.726289,Carhartt Men's Acrylic Watch Hat,Carhartt Sportswear - Mens,2,B002G9UDYG,AE7SSZYOT6UWUSBEJFS3K2RTRRTQ
766,AFE6U4ZO5XFJXY74LI2XSHQU3AKA,True,Gift,Was a gift for my son,"January 1, 2020",Maxine K Matthias,5.0,0,https://www.amazon.ca/gp/profile/amzn1.account.AFE6U4ZO5XFJXY74LI2XSHQU3AKA/ref=cm_cr_getr_d_gw_btm?ie=UTF8,2020-09-21 09:24:14.730193,2020-09-21 09:24:14.855120,Carhartt Men's Acrylic Watch Hat,Carhartt Sportswear - Mens,2,B002G9UDYG,AE7SSZYOT6UWUSBEJFS3K2RTRRTQ
767,AEHHGO7LIMYQJZDE3E247KYWA2PA,True,Comfortable,👍,"April 30, 2020",Matt Wilson,5.0,0,https://www.amazon.ca/gp/profile/amzn1.account.AEHHGO7LIMYQJZDE3E247KYWA2PA/ref=cm_cr_getr_d_gw_btm?ie=UTF8,2020-09-21 09:24:14.859025,2020-09-21 09:24:14.997615,Carhartt Men's Acrylic Watch Hat,Carhartt Sportswear - Mens,2,B002G9UDYG,AE7SSZYOT6UWUSBEJFS3K2RTRRTQ
768,AFZVJPQJB5VO5WFBRUERRXGUAXFQ,True,good quality,perfect for Canadian winters,"January 27, 2020",al,5.0,0,https://www.amazon.ca/gp/profile/amzn1.account.AFZVJPQJB5VO5WFBRUERRXGUAXFQ/ref=cm_cr_getr_d_gw_btm?ie=UTF8,2020-09-21 09:24:15.001520,2020-09-21 09:24:15.127455,Carhartt Men's Acrylic Watch Hat,Carhartt Sportswear - Mens,2,B002G9UDYG,AE7SSZYOT6UWUSBEJFS3K2RTRRTQ
769,AFX2CBJKN2NUOJL2DYU3VGNHG5OA,True,good,good hat,"January 29, 2018",Baerrown,5.0,0,https://www.amazon.ca/gp/profile/amzn1.account.AFX2CBJKN2NUOJL2DYU3VGNHG5OA/ref=cm_cr_getr_d_gw_btm?ie=UTF8,2020-09-21 09:24:15.131358,2020-09-21 09:24:15.253390,Carhartt Men's Acrylic Watch Hat,Carhartt Sportswear - Mens,2,B002G9UDYG,AE7SSZYOT6UWUSBEJFS3K2RTRRTQ
770,AFLNSFQ7C33F4RLWTWFWROMPNGLA,True,Great purchase!,"Perfect fit, very flattering. Great quality!","March 11, 2020",astone,5.0,0,https://www.amazon.ca/gp/profile/amzn1.account.AFLNSFQ7C33F4RLWTWFWROMPNGLA/ref=cm_cr_getr_d_gw_btm?ie=UTF8,2020-09-21 09:24:19.398098,2020-09-21 09:24:19.558160,Carhartt Men's Acrylic Watch Hat,Carhartt Sportswear - Mens,2,B002G9UDYG,AE7SSZYOT6UWUSBEJFS3K2RTRRTQ
771,AFZS7AXEJLLBXOSXAR62E53J7LSQ,True,Perfect,Best hat ever for the cold of Canada,"January 27, 2019",jean-salvator chabot,5.0,0,https://www.amazon.ca/gp/profile/amzn1.account.AFZS7AXEJLLBXOSXAR62E53J7LSQ/ref=cm_cr_getr_d_gw_btm?ie=UTF8,2020-09-21 09:24:19.563041,2020-09-21 09:24:19.693824,Carhartt Men's Acrylic Watch Hat,Carhartt Sportswear - Mens,2,B002G9UDYG,AE7SSZYOT6UWUSBEJFS3K2RTRRTQ
772,AE62XEMDBLBWQOXIQR57TILEA3NQ,True,Love it,Great,"November 10, 2019",Kindle Customer,5.0,0,https://www.amazon.ca/gp/profile/amzn1.account.AE62XEMDBLBWQOXIQR57TILEA3NQ/ref=cm_cr_getr_d_gw_btm?ie=UTF8,2020-09-21 09:24:19.698704,2020-09-21 09:24:19.827535,Carhartt Men's Acrylic Watch Hat,Carhartt Sportswear - Mens,2,B002G9UDYG,AE7SSZYOT6UWUSBEJFS3K2RTRRTQ
773,AEDUJIVGUHK6NBN2IPCXYEYWI3UA,True,Great!,this hat is thicker than most of the other hats you usually find on the market so it does keep you pretty warm!,"February 21, 2019",Amazon Customer,5.0,0,https://www.amazon.ca/gp/profile/amzn1.account.AEDUJIVGUHK6NBN2IPCXYEYWI3UA/ref=cm_cr_getr_d_gw_btm?ie=UTF8,2020-09-21 09:24:19.832416,2020-09-21 09:24:19.967104,Carhartt Men's Acrylic Watch Hat,Carhartt Sportswear - Mens,2,B002G9UDYG,AE7SSZYOT6UWUSBEJFS3K2RTRRTQ
774,AFXNPAH2PR5BUZ5IALKKDX2WNZCA,True,Super Warm,So warm and perfect for winter,"January 5, 2020",Jessica,5.0,0,https://www.amazon.ca/gp/profile/amzn1.account.AFXNPAH2PR5BUZ5IALKKDX2WNZCA/ref=cm_cr_getr_d_gw_btm?ie=UTF8,2020-09-21 09:24:19.972008,2020-09-21 09:24:20.098862,Carhartt Men's Acrylic Watch Hat,Carhartt Sportswear - Mens,2,B002G9UDYG,AE7SSZYOT6UWUSBEJFS3K2RTRRTQ
775,AEEUOPRMJ4RQ4NLD23SKJ5HKNJNQ,True,Perfect,Perfect,"January 3, 2020",Elio A. Ayala,5.0,0,https://www.amazon.ca/gp/profile/amzn1.account.AEEUOPRMJ4RQ4NLD23SKJ5HKNJNQ/ref=cm_cr_getr_d_gw_btm?ie=UTF8,2020-09-21 09:24:20.103743,2020-09-21 09:24:20.236479,Carhartt Men's Acrylic Watch Hat,Carhartt Sportswear - Mens,2,B002G9UDYG,AE7SSZYOT6UWUSBEJFS3K2RTRRTQ
776,AGSRSAVPVLUXFK3CGES56CWWAFOQ,True,Size,Doesn’t even fit on my head😳,"November 17, 2019",Skylar Leger,1.0,0,https://www.amazon.ca/gp/profile/amzn1.account.AGSRSAVPVLUXFK3CGES56CWWAFOQ/ref=cm_cr_getr_d_gw_btm?ie=UTF8,2020-09-21 09:24:20.241359,2020-09-21 09:24:20.375070,Carhartt Men's Acrylic Watch Hat,Carhartt Sportswear - Mens,2,B002G9UDYG,AE7SSZYOT6UWUSBEJFS3K2RTRRTQ
777,AF4NBC3WQPAIHHSSZE6OEIETGKBA,True,Quality hat,Good hat to keep you nice and warm!,"December 22, 2019",Josh,4.0,0,https://www.amazon.ca/gp/profile/amzn1.account.AF4NBC3WQPAIHHSSZE6OEIETGKBA/ref=cm_cr_getr_d_gw_btm?ie=UTF8,2020-09-21 09:24:20.380927,2020-09-21 09:24:20.516590,Carhartt Men's Acrylic Watch Hat,Carhartt Sportswear - Mens,2,B002G9UDYG,AE7SSZYOT6UWUSBEJFS3K2RTRRTQ
778,AE5AFYJKMX4DP676OWE52IKT7TNA,True,Ok,Stretches easily but otherwise good,"January 27, 2019",Ebechamp91,4.0,0,https://www.amazon.ca/gp/profile/amzn1.account.AE5AFYJKMX4DP676OWE52IKT7TNA/ref=cm_cr_getr_d_gw_btm?ie=UTF8,2020-09-21 09:24:20.521471,2020-09-21 09:24:20.802558,Carhartt Men's Acrylic Watch Hat,Carhartt Sportswear - Mens,2,B002G9UDYG,AE7SSZYOT6UWUSBEJFS3K2RTRRTQ
779,AHICU7HXOQKLAUC3GS74A5LSOSSA,True,Warm and well fitting.,"I was impressed at the quality of this hat, especially for the price.","March 3, 2019",cameronB,5.0,0,https://www.amazon.ca/gp/profile/amzn1.account.AHICU7HXOQKLAUC3GS74A5LSOSSA/ref=cm_cr_getr_d_gw_btm?ie=UTF8,2020-09-21 09:24:20.807438,2020-09-21 09:24:20.929437,Carhartt Men's Acrylic Watch Hat,Carhartt Sportswear - Mens,2,B002G9UDYG,AE7SSZYOT6UWUSBEJFS3K2RTRRTQ
780,AGUVYZJCAGNLIANSAUBVZIZXQOUA,True,As expected,Good hat!,"November 20, 2019",Christian Kortman,5.0,0,https://www.amazon.ca/gp/profile/amzn1.account.AGUVYZJCAGNLIANSAUBVZIZXQOUA/ref=cm_cr_getr_d_gw_btm?ie=UTF8,2020-09-21 09:24:27.062392,2020-09-21 09:24:27.217550,Carhartt Men's Acrylic Watch Hat,Carhartt Sportswear - Mens,2,B002G9UDYG,AE7SSZYOT6UWUSBEJFS3K2RTRRTQ
781,AFGIDTJ4OFL4NN4E2X7MVDP5BHRQ,True,NiceToque,My boyfriend loves this toque!,"February 19, 2018",MissMar,5.0,0,https://www.amazon.ca/gp/profile/amzn1.account.AFGIDTJ4OFL4NN4E2X7MVDP5BHRQ/ref=cm_cr_getr_d_gw_btm?ie=UTF8,2020-09-21 09:24:27.224383,2020-09-21 09:24:27.349311,Carhartt Men's Acrylic Watch Hat,Carhartt Sportswear - Mens,2,B002G9UDYG,AE7SSZYOT6UWUSBEJFS3K2RTRRTQ
782,AEHU2AAP47GJP5BLNX5LDGUWEDAA,True,Very warm,Very warm,"January 16, 2019",Ziyan Liu,5.0,0,https://www.amazon.ca/gp/profile/amzn1.account.AEHU2AAP47GJP5BLNX5LDGUWEDAA/ref=cm_cr_getr_d_gw_btm?ie=UTF8,2020-09-21 09:24:27.353213,2020-09-21 09:24:27.481069,Carhartt Men's Acrylic Watch Hat,Carhartt Sportswear - Mens,2,B002G9UDYG,AE7SSZYOT6UWUSBEJFS3K2RTRRTQ
783,AHA3A5ZCXVYJYLN4T22K7QZ6PQ4A,True,Great quality for a great price,It was just as picture. Have ordered 3 of these now and they are perfect!,"January 26, 2019",Jodie M.,5.0,0,https://www.amazon.ca/gp/profile/amzn1.account.AHA3A5ZCXVYJYLN4T22K7QZ6PQ4A/ref=cm_cr_getr_d_gw_btm?ie=UTF8,2020-09-21 09:24:27.484974,2020-09-21 09:24:27.627469,Carhartt Men's Acrylic Watch Hat,Carhartt Sportswear - Mens,2,B002G9UDYG,AE7SSZYOT6UWUSBEJFS3K2RTRRTQ
784,AF4WWMNI3CLWIPMMCZ4SSJ23GQIQ,True,Five Stars,Solid ...,"January 30, 2018",rick,5.0,0,https://www.amazon.ca/gp/profile/amzn1.account.AF4WWMNI3CLWIPMMCZ4SSJ23GQIQ/ref=cm_cr_getr_d_gw_btm?ie=UTF8,2020-09-21 09:24:27.633328,2020-09-21 09:24:27.763132,Carhartt Men's Acrylic Watch Hat,Carhartt Sportswear - Mens,2,B002G9UDYG,AE7SSZYOT6UWUSBEJFS3K2RTRRTQ
785,AELIMYMWONFSIIDOZROPJT23VRKA,True,Five Stars,great,"July 2, 2018",Amazon Customer,5.0,0,https://www.amazon.ca/gp/profile/amzn1.account.AELIMYMWONFSIIDOZROPJT23VRKA/ref=cm_cr_getr_d_gw_btm?ie=UTF8,2020-09-21 09:24:27.767038,2020-09-21 09:24:27.893917,Carhartt Men's Acrylic Watch Hat,Carhartt Sportswear - Mens,2,B002G9UDYG,AE7SSZYOT6UWUSBEJFS3K2RTRRTQ
786,AG55V5EUA5YGZGI5FONSDQYTSKZQ,True,Great quality,Keeping heads hot !,"May 11, 2020",Kevin LVN,5.0,0,https://www.amazon.ca/gp/profile/amzn1.account.AG55V5EUA5YGZGI5FONSDQYTSKZQ/ref=cm_cr_getr_d_gw_btm?ie=UTF8,2020-09-21 09:24:27.898798,2020-09-21 09:24:28.054956,Carhartt Men's Acrylic Watch Hat,Carhartt Sportswear - Mens,2,B002G9UDYG,AE7SSZYOT6UWUSBEJFS3K2RTRRTQ
787,AGN7CIK6SERC35SK3JRJ4WEFQ5XQ,True,Kinda small,For people with small heads.,"April 28, 2020",Deanna K,3.0,0,https://www.amazon.ca/gp/profile/amzn1.account.AGN7CIK6SERC35SK3JRJ4WEFQ5XQ/ref=cm_cr_getr_d_gw_btm?ie=UTF8,2020-09-21 09:24:28.059836,2020-09-21 09:24:28.181836,Carhartt Men's Acrylic Watch Hat,Carhartt Sportswear - Mens,2,B002G9UDYG,AE7SSZYOT6UWUSBEJFS3K2RTRRTQ
788,AFGTVQKBFW2BPSBQQF63Z256ROBA,True,Great toque. Quite long so i have to double ...,"Great toque. Quite long so i have to double fold it, and now you cant see the carhartt logo, but thats okay.","January 20, 2018",Brett Fryzuk,4.0,0,https://www.amazon.ca/gp/profile/amzn1.account.AFGTVQKBFW2BPSBQQF63Z256ROBA/ref=cm_cr_getr_d_gw_btm?ie=UTF8,2020-09-21 09:24:28.185741,2020-09-21 09:24:28.319451,Carhartt Men's Acrylic Watch Hat,Carhartt Sportswear - Mens,2,B002G9UDYG,AE7SSZYOT6UWUSBEJFS3K2RTRRTQ
789,AGYBVC6PUWHA3MGMMCHXSW2ZMPMQ,True,Five Stars,and stylish also .. :),"May 2, 2018",Erik,5.0,0,https://www.amazon.ca/gp/profile/amzn1.account.AGYBVC6PUWHA3MGMMCHXSW2ZMPMQ/ref=cm_cr_getr_d_gw_btm?ie=UTF8,2020-09-21 09:24:28.323355,2020-09-21 09:24:28.568331,Carhartt Men's Acrylic Watch Hat,Carhartt Sportswear - Mens,2,B002G9UDYG,AE7SSZYOT6UWUSBEJFS3K2RTRRTQ
790,AGVGHFRIWYN5G6S6BWYK5KKIQHNQ,True,Three Stars,colour more grey then green,"May 4, 2018",Pickz,3.0,0,https://www.amazon.ca/gp/profile/amzn1.account.AGVGHFRIWYN5G6S6BWYK5KKIQHNQ/ref=cm_cr_getr_d_gw_btm?ie=UTF8,2020-09-21 09:24:31.765648,2020-09-21 09:24:31.913021,Carhartt Men's Acrylic Watch Hat,Carhartt Sportswear - Mens,2,B002G9UDYG,AE7SSZYOT6UWUSBEJFS3K2RTRRTQ
791,AEK3WSTPDGEF6OFFXB42ZHP3JCOQ,True,Five Stars,Great!,"January 19, 2018",David,5.0,0,https://www.amazon.ca/gp/profile/amzn1.account.AEK3WSTPDGEF6OFFXB42ZHP3JCOQ/ref=cm_cr_getr_d_gw_btm?ie=UTF8,2020-09-21 09:24:31.918876,2020-09-21 09:24:32.062347,Carhartt Men's Acrylic Watch Hat,Carhartt Sportswear - Mens,2,B002G9UDYG,AE7SSZYOT6UWUSBEJFS3K2RTRRTQ
792,AEKB4HDWUKB2V7IPD3AJT7DV2FXQ,True,great buy,fits fantastic and I got a big head,"February 22, 2020",Amazon Customer,5.0,0,https://www.amazon.ca/gp/profile/amzn1.account.AEKB4HDWUKB2V7IPD3AJT7DV2FXQ/ref=cm_cr_getr_d_gw_btm?ie=UTF8,2020-09-21 09:24:32.066252,2020-09-21 09:24:32.199964,Carhartt Men's Acrylic Watch Hat,Carhartt Sportswear - Mens,2,B002G9UDYG,AE7SSZYOT6UWUSBEJFS3K2RTRRTQ
793,AGW5Z3KWP7N3SYESUSZI62MM4UYA,True,Great Toque!,Nice and cozy!,"July 20, 2020",Amazon Customer,5.0,0,https://www.amazon.ca/gp/profile/amzn1.account.AGW5Z3KWP7N3SYESUSZI62MM4UYA/ref=cm_cr_getr_d_gw_btm?ie=UTF8,2020-09-21 09:24:32.204843,2020-09-21 09:24:32.363932,Carhartt Men's Acrylic Watch Hat,Carhartt Sportswear - Mens,2,B002G9UDYG,AE7SSZYOT6UWUSBEJFS3K2RTRRTQ
794,AF55AKM3OYRHB4XAW6ACHD2QYBYA,True,Déçu,"Très déçu, coutures croche...
Payez le prix pour un produit mal fait....","December 12, 2019",Nancy,1.0,0,https://www.amazon.ca/gp/profile/amzn1.account.AF55AKM3OYRHB4XAW6ACHD2QYBYA/ref=cm_cr_getr_d_gw_btm?ie=UTF8,2020-09-21 09:24:32.369787,2020-09-21 09:24:32.486907,Carhartt Men's Acrylic Watch Hat,Carhartt Sportswear - Mens,2,B002G9UDYG,AE7SSZYOT6UWUSBEJFS3K2RTRRTQ
795,AFAI6OWSD7KTQIRQLN74KOLKPSYQ,True,Best hat,Best hat,"October 24, 2019",SeanIsraelson,5.0,0,https://www.amazon.ca/gp/profile/amzn1.account.AFAI6OWSD7KTQIRQLN74KOLKPSYQ/ref=cm_cr_getr_d_gw_btm?ie=UTF8,2020-09-21 09:24:32.489834,2020-09-21 09:24:32.642091,Carhartt Men's Acrylic Watch Hat,Carhartt Sportswear - Mens,2,B002G9UDYG,AE7SSZYOT6UWUSBEJFS3K2RTRRTQ
796,AHHC7HVWGQWQZM4FXSBK6UOJT7XQ,True,Good quality and price,Excellent quality and made in USA.,"January 6, 2020",Ming-Chi,5.0,0,https://www.amazon.ca/gp/profile/amzn1.account.AHHC7HVWGQWQZM4FXSBK6UOJT7XQ/ref=cm_cr_getr_d_gw_btm?ie=UTF8,2020-09-21 09:24:32.649898,2020-09-21 09:24:32.781658,Carhartt Men's Acrylic Watch Hat,Carhartt Sportswear - Mens,2,B002G9UDYG,AE7SSZYOT6UWUSBEJFS3K2RTRRTQ
797,AHV6FAFJKYR3H376G2OID3QIPWTQ,True,Pefert.,Warm. Cozy. Stylish.,"February 27, 2020",Remy,5.0,0,https://www.amazon.ca/gp/profile/amzn1.account.AHV6FAFJKYR3H376G2OID3QIPWTQ/ref=cm_cr_getr_d_gw_btm?ie=UTF8,2020-09-21 09:24:32.787515,2020-09-21 09:24:32.938794,Carhartt Men's Acrylic Watch Hat,Carhartt Sportswear - Mens,2,B002G9UDYG,AE7SSZYOT6UWUSBEJFS3K2RTRRTQ
798,AGGWFM42I6EHMGTXAOL6ZBXPLZ2Q,True,Just the best,Exactly what I was expecting and love.,"January 12, 2018",Kelen,5.0,0,https://www.amazon.ca/gp/profile/amzn1.account.AGGWFM42I6EHMGTXAOL6ZBXPLZ2Q/ref=cm_cr_getr_d_gw_btm?ie=UTF8,2020-09-21 09:24:32.944649,2020-09-21 09:24:33.070554,Carhartt Men's Acrylic Watch Hat,Carhartt Sportswear - Mens,2,B002G9UDYG,AE7SSZYOT6UWUSBEJFS3K2RTRRTQ
799,AEJKJEPX7EF4WKHCVRDPC2QNTECA,True,Five Stars,Awesome,"January 11, 2018",Amazon Customer,5.0,0,https://www.amazon.ca/gp/profile/amzn1.account.AEJKJEPX7EF4WKHCVRDPC2QNTECA/ref=cm_cr_getr_d_gw_btm?ie=UTF8,2020-09-21 09:24:33.074458,2020-09-21 09:24:33.214025,Carhartt Men's Acrylic Watch Hat,Carhartt Sportswear - Mens,2,B002G9UDYG,AE7SSZYOT6UWUSBEJFS3K2RTRRTQ
800,AEDQG3H75FZF6KCI6VX7NF3SHDBA,True,👌🏻,Great toque there bud!,"April 16, 2019",Andrew,5.0,0,https://www.amazon.ca/gp/profile/amzn1.account.AEDQG3H75FZF6KCI6VX7NF3SHDBA/ref=cm_cr_getr_d_gw_btm?ie=UTF8,2020-09-21 09:24:35.346740,2020-09-21 09:24:35.486304,Carhartt Men's Acrylic Watch Hat,Carhartt Sportswear - Mens,2,B002G9UDYG,AE7SSZYOT6UWUSBEJFS3K2RTRRTQ
801,AHFFOE3LKJAIUG6SLCOUHDELE6XQ,True,Five Stars,Warm!,"January 16, 2018",Samantha,5.0,0,https://www.amazon.ca/gp/profile/amzn1.account.AHFFOE3LKJAIUG6SLCOUHDELE6XQ/ref=cm_cr_getr_d_gw_btm?ie=UTF8,2020-09-21 09:24:35.491184,2020-09-21 09:24:35.625870,Carhartt Men's Acrylic Watch Hat,Carhartt Sportswear - Mens,2,B002G9UDYG,AE7SSZYOT6UWUSBEJFS3K2RTRRTQ
802,AFBCWHAHSSOR4VQHK6WBECRYYOBQ,True,Great hat!,Perfect! Exactly as described. Great quality and colour.,"January 8, 2020",Sarah,5.0,0,https://www.amazon.ca/gp/profile/amzn1.account.AFBCWHAHSSOR4VQHK6WBECRYYOBQ/ref=cm_cr_getr_d_gw_btm?ie=UTF8,2020-09-21 09:24:35.629775,2020-09-21 09:24:35.761534,Carhartt Men's Acrylic Watch Hat,Carhartt Sportswear - Mens,2,B002G9UDYG,AE7SSZYOT6UWUSBEJFS3K2RTRRTQ
803,AHBZJGZTLJMRMV6G2YHYPRZITZTQ,True,Five Stars,best hats. stretchy and warm,"November 28, 2017",Bone,5.0,0,https://www.amazon.ca/gp/profile/amzn1.account.AHBZJGZTLJMRMV6G2YHYPRZITZTQ/ref=cm_cr_getr_d_gw_btm?ie=UTF8,2020-09-21 09:24:35.767391,2020-09-21 09:24:35.900127,Carhartt Men's Acrylic Watch Hat,Carhartt Sportswear - Mens,2,B002G9UDYG,AE7SSZYOT6UWUSBEJFS3K2RTRRTQ
804,AGBS7ARPJ233HRWOKTEU6QPBBJPA,True,Five Stars,"Great hats. Warm, cheap, great quality","April 4, 2018",Mr. Beers,5.0,0,https://www.amazon.ca/gp/profile/amzn1.account.AGBS7ARPJ233HRWOKTEU6QPBBJPA/ref=cm_cr_getr_d_gw_btm?ie=UTF8,2020-09-21 09:24:35.905031,2020-09-21 09:24:36.034813,Carhartt Men's Acrylic Watch Hat,Carhartt Sportswear - Mens,2,B002G9UDYG,AE7SSZYOT6UWUSBEJFS3K2RTRRTQ
805,AFJ5SKB322LK2IHT5OB2R236TZUA,True,Love it,Great Hat,"November 25, 2017",Merino,5.0,0,https://www.amazon.ca/gp/profile/amzn1.account.AFJ5SKB322LK2IHT5OB2R236TZUA/ref=cm_cr_getr_d_gw_btm?ie=UTF8,2020-09-21 09:24:36.039693,2020-09-21 09:24:36.172429,Carhartt Men's Acrylic Watch Hat,Carhartt Sportswear - Mens,2,B002G9UDYG,AE7SSZYOT6UWUSBEJFS3K2RTRRTQ
806,AEDJWIWC4GZSJMN36GPFUK5UAKXA,True,Awesome!,Comfy and fits great!,"October 22, 2019",KayMar,5.0,0,https://www.amazon.ca/gp/profile/amzn1.account.AEDJWIWC4GZSJMN36GPFUK5UAKXA/ref=cm_cr_getr_d_gw_btm?ie=UTF8,2020-09-21 09:24:36.177310,2020-09-21 09:24:36.310045,Carhartt Men's Acrylic Watch Hat,Carhartt Sportswear - Mens,2,B002G9UDYG,AE7SSZYOT6UWUSBEJFS3K2RTRRTQ
807,AHCV7BGITPGTCEDCXFGI5LNGOOYA,True,As expected,Looks just like photo and fits well,"December 11, 2019",kiersten,5.0,0,https://www.amazon.ca/gp/profile/amzn1.account.AHCV7BGITPGTCEDCXFGI5LNGOOYA/ref=cm_cr_getr_d_gw_btm?ie=UTF8,2020-09-21 09:24:36.313949,2020-09-21 09:24:36.454492,Carhartt Men's Acrylic Watch Hat,Carhartt Sportswear - Mens,2,B002G9UDYG,AE7SSZYOT6UWUSBEJFS3K2RTRRTQ
808,AHPS5RC6CKXWY4XTE7XBJNY3YZHQ,True,Super warm,It's a tight hat so far very warm great for cold ottawa winters,"January 12, 2019",Mike,5.0,0,https://www.amazon.ca/gp/profile/amzn1.account.AHPS5RC6CKXWY4XTE7XBJNY3YZHQ/ref=cm_cr_getr_d_gw_btm?ie=UTF8,2020-09-21 09:24:36.459375,2020-09-21 09:24:36.628254,Carhartt Men's Acrylic Watch Hat,Carhartt Sportswear - Mens,2,B002G9UDYG,AE7SSZYOT6UWUSBEJFS3K2RTRRTQ
809,AHVLY3JU72R4ANEAU24KXBQMLZUQ,True,Hat,It’s nice and I like it just a bit big,"February 19, 2020",Kelsie,3.0,0,https://www.amazon.ca/gp/profile/amzn1.account.AHVLY3JU72R4ANEAU24KXBQMLZUQ/ref=cm_cr_getr_d_gw_btm?ie=UTF8,2020-09-21 09:24:36.635086,2020-09-21 09:24:36.814668,Carhartt Men's Acrylic Watch Hat,Carhartt Sportswear - Mens,2,B002G9UDYG,AE7SSZYOT6UWUSBEJFS3K2RTRRTQ
810,AH4FKNVFMCAMIMLSQLUXO3RUKRNQ,True,but the stretch is good.,It does fit tight. but the stretch is good.,"November 16, 2017",TB,4.0,0,https://www.amazon.ca/gp/profile/amzn1.account.AH4FKNVFMCAMIMLSQLUXO3RUKRNQ/ref=cm_cr_getr_d_gw_btm?ie=UTF8,2020-09-21 09:24:42.985744,2020-09-21 09:24:43.127266,Carhartt Men's Acrylic Watch Hat,Carhartt Sportswear - Mens,2,B002G9UDYG,AE7SSZYOT6UWUSBEJFS3K2RTRRTQ
811,AGG7NLOVXZSE43GZJXDY7E2GJEHA,True,Four Stars,very happy with the hat,"December 10, 2017",Kimberly Wills,4.0,0,https://www.amazon.ca/gp/profile/amzn1.account.AGG7NLOVXZSE43GZJXDY7E2GJEHA/ref=cm_cr_getr_d_gw_btm?ie=UTF8,2020-09-21 09:24:43.132144,2020-09-21 09:24:43.260976,Carhartt Men's Acrylic Watch Hat,Carhartt Sportswear - Mens,2,B002G9UDYG,AE7SSZYOT6UWUSBEJFS3K2RTRRTQ
812,AECFJS3IIDBBASYOD3JRD7USIVJQ,True,Five Stars,Very warm and soft,"November 5, 2017",Amazon Customer,5.0,0,https://www.amazon.ca/gp/profile/amzn1.account.AECFJS3IIDBBASYOD3JRD7USIVJQ/ref=cm_cr_getr_d_gw_btm?ie=UTF8,2020-09-21 09:24:43.264880,2020-09-21 09:24:43.395663,Carhartt Men's Acrylic Watch Hat,Carhartt Sportswear - Mens,2,B002G9UDYG,AE7SSZYOT6UWUSBEJFS3K2RTRRTQ
813,AGXDJY7G2EYQD75J3BSTTNEQDJPQ,True,It’s way to tight,"Good for kids, way to tight. Have to unroll it to wear comfortably","December 4, 2019",Anonymous ,2.0,0,https://www.amazon.ca/gp/profile/amzn1.account.AGXDJY7G2EYQD75J3BSTTNEQDJPQ/ref=cm_cr_getr_d_gw_btm?ie=UTF8,2020-09-21 09:24:43.400543,2020-09-21 09:24:43.538159,Carhartt Men's Acrylic Watch Hat,Carhartt Sportswear - Mens,2,B002G9UDYG,AE7SSZYOT6UWUSBEJFS3K2RTRRTQ
814,AF3ZEFJPLHLOTOFSZRQQUVBVTYGA,True,Fits tight at first,This hat is thick but a little to tight if you have a medium-big head,"November 11, 2019",Brendan B.,5.0,0,https://www.amazon.ca/gp/profile/amzn1.account.AF3ZEFJPLHLOTOFSZRQQUVBVTYGA/ref=cm_cr_getr_d_gw_btm?ie=UTF8,2020-09-21 09:24:43.542063,2020-09-21 09:24:43.660159,Carhartt Men's Acrylic Watch Hat,Carhartt Sportswear - Mens,2,B002G9UDYG,AE7SSZYOT6UWUSBEJFS3K2RTRRTQ
815,AGAKX4VPTHN7NYZ5ZEBJYQSK36KA,True,Comfy,Nice,"October 18, 2018",Ashley Sluyter,5.0,0,https://www.amazon.ca/gp/profile/amzn1.account.AGAKX4VPTHN7NYZ5ZEBJYQSK36KA/ref=cm_cr_getr_d_gw_btm?ie=UTF8,2020-09-21 09:24:43.664063,2020-09-21 09:24:43.786062,Carhartt Men's Acrylic Watch Hat,Carhartt Sportswear - Mens,2,B002G9UDYG,AE7SSZYOT6UWUSBEJFS3K2RTRRTQ
816,AFXXWK6X4TJEVZES6NFXD54VARYQ,True,Love it,Awesome,"December 4, 2019",Nolan Neil,5.0,0,https://www.amazon.ca/gp/profile/amzn1.account.AFXXWK6X4TJEVZES6NFXD54VARYQ/ref=cm_cr_getr_d_gw_btm?ie=UTF8,2020-09-21 09:24:43.790969,2020-09-21 09:24:43.907087,Carhartt Men's Acrylic Watch Hat,Carhartt Sportswear - Mens,2,B002G9UDYG,AE7SSZYOT6UWUSBEJFS3K2RTRRTQ
817,AGBZMOCZ2VM6F4ZM7Q24J4373EJA,True,Actually stays on your head,"Nice warm hat, delivered in one day!","December 13, 2019",Alex,5.0,0,https://www.amazon.ca/gp/profile/amzn1.account.AGBZMOCZ2VM6F4ZM7Q24J4373EJA/ref=cm_cr_getr_d_gw_btm?ie=UTF8,2020-09-21 09:24:43.911966,2020-09-21 09:24:44.074959,Carhartt Men's Acrylic Watch Hat,Carhartt Sportswear - Mens,2,B002G9UDYG,AE7SSZYOT6UWUSBEJFS3K2RTRRTQ
818,AF7N67ADONV6GQTYCCLXKCAXPXDQ,True,Best beanie!,Love this hat! Would love one in every colour! :),"December 4, 2019",Amy Speagle,5.0,0,https://www.amazon.ca/gp/profile/amzn1.account.AF7N67ADONV6GQTYCCLXKCAXPXDQ/ref=cm_cr_getr_d_gw_btm?ie=UTF8,2020-09-21 09:24:44.079837,2020-09-21 09:24:44.199885,Carhartt Men's Acrylic Watch Hat,Carhartt Sportswear - Mens,2,B002G9UDYG,AE7SSZYOT6UWUSBEJFS3K2RTRRTQ
819,AEIX6OJ7O7UL3LHIPIJPJ4ZTP62A,True,Hat,Really good it fits women too!,"April 20, 2020",Shantel Christensen,5.0,0,https://www.amazon.ca/gp/profile/amzn1.account.AEIX6OJ7O7UL3LHIPIJPJ4ZTP62A/ref=cm_cr_getr_d_gw_btm?ie=UTF8,2020-09-21 09:24:44.204765,2020-09-21 09:24:44.331645,Carhartt Men's Acrylic Watch Hat,Carhartt Sportswear - Mens,2,B002G9UDYG,AE7SSZYOT6UWUSBEJFS3K2RTRRTQ
820,AE5BVD5Y6PSCBGAIXMPA6PCJBR3A,True,1/4 of a Mac Demarco starter pack.,Nice and warm. This price is cheaper than everywhere else.,"March 27, 2019",Scouty Mac,5.0,0,https://www.amazon.ca/gp/profile/amzn1.account.AE5BVD5Y6PSCBGAIXMPA6PCJBR3A/ref=cm_cr_getr_d_gw_btm?ie=UTF8,2020-09-21 09:24:47.471868,2020-09-21 09:24:47.669996,Carhartt Men's Acrylic Watch Hat,Carhartt Sportswear - Mens,2,B002G9UDYG,AE7SSZYOT6UWUSBEJFS3K2RTRRTQ
821,AGAYXEZK4CHYQKZWBTW4WU62MUDQ,True,Five Stars,It is very nice fabric. good value.,"April 23, 2018",rosewoodhill,5.0,0,https://www.amazon.ca/gp/profile/amzn1.account.AGAYXEZK4CHYQKZWBTW4WU62MUDQ/ref=cm_cr_getr_d_gw_btm?ie=UTF8,2020-09-21 09:24:47.674876,2020-09-21 09:24:47.799804,Carhartt Men's Acrylic Watch Hat,Carhartt Sportswear - Mens,2,B002G9UDYG,AE7SSZYOT6UWUSBEJFS3K2RTRRTQ
822,AG4GCMKS6JAR5U6BWO4OWEQZ5EJQ,True,stitching is loose,stitching is loose,"August 23, 2019",John,1.0,0,https://www.amazon.ca/gp/profile/amzn1.account.AG4GCMKS6JAR5U6BWO4OWEQZ5EJQ/ref=cm_cr_getr_d_gw_btm?ie=UTF8,2020-09-21 09:24:47.804683,2020-09-21 09:24:47.936442,Carhartt Men's Acrylic Watch Hat,Carhartt Sportswear - Mens,2,B002G9UDYG,AE7SSZYOT6UWUSBEJFS3K2RTRRTQ
823,AHGFAKVIWZ7ZGDIF6HUWYGBU5YIA,True,Five Stars,Amazing love it would buy again nice and warm,"February 25, 2018",Amazon Customer,5.0,0,https://www.amazon.ca/gp/profile/amzn1.account.AHGFAKVIWZ7ZGDIF6HUWYGBU5YIA/ref=cm_cr_getr_d_gw_btm?ie=UTF8,2020-09-21 09:24:47.941323,2020-09-21 09:24:48.074059,Carhartt Men's Acrylic Watch Hat,Carhartt Sportswear - Mens,2,B002G9UDYG,AE7SSZYOT6UWUSBEJFS3K2RTRRTQ
824,AGY6QZLP7RGN3BHXZDIEDLHW3FKA,True,Perfect,Great toque,"November 12, 2019",Christopher,5.0,0,https://www.amazon.ca/gp/profile/amzn1.account.AGY6QZLP7RGN3BHXZDIEDLHW3FKA/ref=cm_cr_getr_d_gw_btm?ie=UTF8,2020-09-21 09:24:48.077962,2020-09-21 09:24:48.206794,Carhartt Men's Acrylic Watch Hat,Carhartt Sportswear - Mens,2,B002G9UDYG,AE7SSZYOT6UWUSBEJFS3K2RTRRTQ
825,AGAUAN5ZUNVVLKTDYWCKQV2AHQNA,True,Fits a bit big,Fits a bit big but good quality,"February 1, 2020",pier-yves,5.0,0,https://www.amazon.ca/gp/profile/amzn1.account.AGAUAN5ZUNVVLKTDYWCKQV2AHQNA/ref=cm_cr_getr_d_gw_btm?ie=UTF8,2020-09-21 09:24:48.210698,2020-09-21 09:24:48.339529,Carhartt Men's Acrylic Watch Hat,Carhartt Sportswear - Mens,2,B002G9UDYG,AE7SSZYOT6UWUSBEJFS3K2RTRRTQ
826,AFXO44PYS2ENRPAFWM3GXGCG7F4A,True,Love it! Definitely impressed!,Loved it!!,"June 29, 2020",Kaitlynn,5.0,0,https://www.amazon.ca/gp/profile/amzn1.account.AFXO44PYS2ENRPAFWM3GXGCG7F4A/ref=cm_cr_getr_d_gw_btm?ie=UTF8,2020-09-21 09:24:48.343434,2020-09-21 09:24:48.472290,Carhartt Men's Acrylic Watch Hat,Carhartt Sportswear - Mens,2,B002G9UDYG,AE7SSZYOT6UWUSBEJFS3K2RTRRTQ
827,AFYGTJ2PFLURS3MTLRNK4QU3JO6A,True,A Toque for Kings,Great hat. Exactly what I wanted.,"February 6, 2020",Travis,5.0,0,https://www.amazon.ca/gp/profile/amzn1.account.AFYGTJ2PFLURS3MTLRNK4QU3JO6A/ref=cm_cr_getr_d_gw_btm?ie=UTF8,2020-09-21 09:24:48.476169,2020-09-21 09:24:48.607929,Carhartt Men's Acrylic Watch Hat,Carhartt Sportswear - Mens,2,B002G9UDYG,AE7SSZYOT6UWUSBEJFS3K2RTRRTQ
828,AGI5IJEJYNZWG5NIHEUTROIS6KZA,True,Super happy with product,Extremely happy with this wear it all the time :),"January 1, 2020",Chelsee,5.0,0,https://www.amazon.ca/gp/profile/amzn1.account.AGI5IJEJYNZWG5NIHEUTROIS6KZA/ref=cm_cr_getr_d_gw_btm?ie=UTF8,2020-09-21 09:24:48.612809,2020-09-21 09:24:48.741642,Carhartt Men's Acrylic Watch Hat,Carhartt Sportswear - Mens,2,B002G9UDYG,AE7SSZYOT6UWUSBEJFS3K2RTRRTQ
829,AEOILEQ4JQT2CLRHE4F5JUCJSDFQ,True,Good fit,"Awesome, fit was perfect","November 29, 2019",Amanda,5.0,0,https://www.amazon.ca/gp/profile/amzn1.account.AEOILEQ4JQT2CLRHE4F5JUCJSDFQ/ref=cm_cr_getr_d_gw_btm?ie=UTF8,2020-09-21 09:24:48.746520,2020-09-21 09:24:48.876329,Carhartt Men's Acrylic Watch Hat,Carhartt Sportswear - Mens,2,B002G9UDYG,AE7SSZYOT6UWUSBEJFS3K2RTRRTQ
830,AH4FAQFQG7AHH4ZSI3KMU2WKSYDA,True,Warm,warm and great colour selection,"November 30, 2019",Colt45,5.0,0,https://www.amazon.ca/gp/profile/amzn1.account.AH4FAQFQG7AHH4ZSI3KMU2WKSYDA/ref=cm_cr_getr_d_gw_btm?ie=UTF8,2020-09-21 09:24:55.019801,2020-09-21 09:24:55.153513,Carhartt Men's Acrylic Watch Hat,Carhartt Sportswear - Mens,2,B002G9UDYG,AE7SSZYOT6UWUSBEJFS3K2RTRRTQ
831,AHCSFCUIZEMJRBLTJSG63TLLRB4A,True,Chaude et à la.mode,Chaude et à la mode,"January 5, 2020",Vimy 57,5.0,0,https://www.amazon.ca/gp/profile/amzn1.account.AHCSFCUIZEMJRBLTJSG63TLLRB4A/ref=cm_cr_getr_d_gw_btm?ie=UTF8,2020-09-21 09:24:55.158392,2020-09-21 09:24:55.286248,Carhartt Men's Acrylic Watch Hat,Carhartt Sportswear - Mens,2,B002G9UDYG,AE7SSZYOT6UWUSBEJFS3K2RTRRTQ
832,AGZ77T2SG7AVBI56RRKZPRRUQXYA,True,Five Stars,Warm and comfortable,"December 12, 2017",Eddd,5.0,0,https://www.amazon.ca/gp/profile/amzn1.account.AGZ77T2SG7AVBI56RRKZPRRUQXYA/ref=cm_cr_getr_d_gw_btm?ie=UTF8,2020-09-21 09:24:55.291129,2020-09-21 09:24:55.417033,Carhartt Men's Acrylic Watch Hat,Carhartt Sportswear - Mens,2,B002G9UDYG,AE7SSZYOT6UWUSBEJFS3K2RTRRTQ
833,AGKDWZESYWXOD3KRVUODQHVV2E4Q,True,Love this hat,Warm and fits perfect,"November 18, 2018",Lydia Berger,5.0,0,https://www.amazon.ca/gp/profile/amzn1.account.AGKDWZESYWXOD3KRVUODQHVV2E4Q/ref=cm_cr_getr_d_gw_btm?ie=UTF8,2020-09-21 09:24:55.421912,2020-09-21 09:24:55.550745,Carhartt Men's Acrylic Watch Hat,Carhartt Sportswear - Mens,2,B002G9UDYG,AE7SSZYOT6UWUSBEJFS3K2RTRRTQ
834,AFLTANHBA4CIRWCGL2JNFTDI2KLA,True,Gf loves it,Great buy,"January 13, 2020",Nick Seguin,5.0,0,https://www.amazon.ca/gp/profile/amzn1.account.AFLTANHBA4CIRWCGL2JNFTDI2KLA/ref=cm_cr_getr_d_gw_btm?ie=UTF8,2020-09-21 09:24:55.555624,2020-09-21 09:24:55.681527,Carhartt Men's Acrylic Watch Hat,Carhartt Sportswear - Mens,2,B002G9UDYG,AE7SSZYOT6UWUSBEJFS3K2RTRRTQ
835,AEANJONEREYLF7VD22FOCOCBCJSQ,True,Happy kid,Pretty!!,"March 9, 2020",Amazon Customer,5.0,0,https://www.amazon.ca/gp/profile/amzn1.account.AEANJONEREYLF7VD22FOCOCBCJSQ/ref=cm_cr_getr_d_gw_btm?ie=UTF8,2020-09-21 09:24:55.685431,2020-09-21 09:24:55.832808,Carhartt Men's Acrylic Watch Hat,Carhartt Sportswear - Mens,2,B002G9UDYG,AE7SSZYOT6UWUSBEJFS3K2RTRRTQ
836,AGCMWLBRY7CO6M7J6774HGHTDRVA,True,it's perfect,I loved,"January 21, 2020",Família Xavier,5.0,0,https://www.amazon.ca/gp/profile/amzn1.account.AGCMWLBRY7CO6M7J6774HGHTDRVA/ref=cm_cr_getr_d_gw_btm?ie=UTF8,2020-09-21 09:24:55.837690,2020-09-21 09:24:55.994823,Carhartt Men's Acrylic Watch Hat,Carhartt Sportswear - Mens,2,B002G9UDYG,AE7SSZYOT6UWUSBEJFS3K2RTRRTQ
837,AHHX7TTAUPRP5NVYXDJ3K6AEZ7NQ,True,Five Stars,Awesome fit,"August 9, 2018",enzo,5.0,0,https://www.amazon.ca/gp/profile/amzn1.account.AHHX7TTAUPRP5NVYXDJ3K6AEZ7NQ/ref=cm_cr_getr_d_gw_btm?ie=UTF8,2020-09-21 09:24:56.023127,2020-09-21 09:24:56.141223,Carhartt Men's Acrylic Watch Hat,Carhartt Sportswear - Mens,2,B002G9UDYG,AE7SSZYOT6UWUSBEJFS3K2RTRRTQ
838,AFCY22RZCFOWJRSAKJNS4SCD55ZQ,True,Parfait,Parfait,"January 16, 2020",Marc,5.0,0,https://www.amazon.ca/gp/profile/amzn1.account.AFCY22RZCFOWJRSAKJNS4SCD55ZQ/ref=cm_cr_getr_d_gw_btm?ie=UTF8,2020-09-21 09:24:56.145127,2020-09-21 09:24:56.261269,Carhartt Men's Acrylic Watch Hat,Carhartt Sportswear - Mens,2,B002G9UDYG,AE7SSZYOT6UWUSBEJFS3K2RTRRTQ
839,AEYBRH3G72VQZKRLQMJ35BOR7XNQ,True,Quick shipping. Received as described,Bought as gift. Very happy with quality,"January 22, 2019",Amazon Customer,4.0,0,https://www.amazon.ca/gp/profile/amzn1.account.AEYBRH3G72VQZKRLQMJ35BOR7XNQ/ref=cm_cr_getr_d_gw_btm?ie=UTF8,2020-09-21 09:24:56.266150,2020-09-21 09:24:56.387175,Carhartt Men's Acrylic Watch Hat,Carhartt Sportswear - Mens,2,B002G9UDYG,AE7SSZYOT6UWUSBEJFS3K2RTRRTQ
840,AHLX2KNJNB6HMQUOFX2SC6KM6IAQ,True,Quality Item,"Ideal gift, just as described and great quality","January 9, 2019",BernerBliss,5.0,0,https://www.amazon.ca/gp/profile/amzn1.account.AHLX2KNJNB6HMQUOFX2SC6KM6IAQ/ref=cm_cr_getr_d_gw_btm?ie=UTF8,2020-09-21 09:24:59.515037,2020-09-21 09:24:59.647771,Carhartt Men's Acrylic Watch Hat,Carhartt Sportswear - Mens,2,B002G9UDYG,AE7SSZYOT6UWUSBEJFS3K2RTRRTQ
841,AFRIUO346OZHFXMVZLTZ6H3KXU5A,True,Awesome,Colour is great and fits my long thick hair well!,"December 7, 2019",Jay Veedeebee,5.0,0,https://www.amazon.ca/gp/profile/amzn1.account.AFRIUO346OZHFXMVZLTZ6H3KXU5A/ref=cm_cr_getr_d_gw_btm?ie=UTF8,2020-09-21 09:24:59.651677,2020-09-21 09:24:59.780506,Carhartt Men's Acrylic Watch Hat,Carhartt Sportswear - Mens,2,B002G9UDYG,AE7SSZYOT6UWUSBEJFS3K2RTRRTQ
842,AECLVMVRJNLTOCMPJHUSPJUWGU5Q,True,She liked it,"Bought for daughter, she loved it!","March 21, 2020",Amazon Customer,5.0,0,https://www.amazon.ca/gp/profile/amzn1.account.AECLVMVRJNLTOCMPJHUSPJUWGU5Q/ref=cm_cr_getr_d_gw_btm?ie=UTF8,2020-09-21 09:24:59.785386,2020-09-21 09:24:59.911290,Carhartt Men's Acrylic Watch Hat,Carhartt Sportswear - Mens,2,B002G9UDYG,AE7SSZYOT6UWUSBEJFS3K2RTRRTQ
843,AHE7IPJZKRQA2UAHBO7UKYHU3KKA,True,Five Stars,Love it,"January 20, 2018",M Shaw,5.0,0,https://www.amazon.ca/gp/profile/amzn1.account.AHE7IPJZKRQA2UAHBO7UKYHU3KKA/ref=cm_cr_getr_d_gw_btm?ie=UTF8,2020-09-21 09:24:59.916170,2020-09-21 09:25:00.050857,Carhartt Men's Acrylic Watch Hat,Carhartt Sportswear - Mens,2,B002G9UDYG,AE7SSZYOT6UWUSBEJFS3K2RTRRTQ
844,AFFYN3U3GA7PBWH7Y6FSITTADIVQ,True,Four Stars,Great fit..Warm and great quality. Fast shipping,"January 11, 2018",Amazon Customer,4.0,0,https://www.amazon.ca/gp/profile/amzn1.account.AFFYN3U3GA7PBWH7Y6FSITTADIVQ/ref=cm_cr_getr_d_gw_btm?ie=UTF8,2020-09-21 09:25:00.055737,2020-09-21 09:25:00.183595,Carhartt Men's Acrylic Watch Hat,Carhartt Sportswear - Mens,2,B002G9UDYG,AE7SSZYOT6UWUSBEJFS3K2RTRRTQ
845,AGVHUQPCGRP5CPT4MP7PKSPMLZXA,True,warm,the warmest torque I own!,"February 5, 2020",Dave Hofer,5.0,0,https://www.amazon.ca/gp/profile/amzn1.account.AGVHUQPCGRP5CPT4MP7PKSPMLZXA/ref=cm_cr_getr_d_gw_btm?ie=UTF8,2020-09-21 09:25:00.187498,2020-09-21 09:25:00.315353,Carhartt Men's Acrylic Watch Hat,Carhartt Sportswear - Mens,2,B002G9UDYG,AE7SSZYOT6UWUSBEJFS3K2RTRRTQ
846,AF6CPLVJHC4TVKOSH3RJS5ZMVSRA,True,Warm,"Awesome, even for -40 of Saskatchewan.","December 26, 2019",Pouya ,5.0,0,https://www.amazon.ca/gp/profile/amzn1.account.AF6CPLVJHC4TVKOSH3RJS5ZMVSRA/ref=cm_cr_getr_d_gw_btm?ie=UTF8,2020-09-21 09:25:00.319256,2020-09-21 09:25:00.445161,Carhartt Men's Acrylic Watch Hat,Carhartt Sportswear - Mens,2,B002G9UDYG,AE7SSZYOT6UWUSBEJFS3K2RTRRTQ
847,AEAFJL3JT732DCMPK2PHMT2VYGRA,True,Not the colour we were expecting,The colour of this hat in person is a very dark brownish green. Not what I was expecting from the photos online.,"December 10, 2018",Calley M,2.0,0,https://www.amazon.ca/gp/profile/amzn1.account.AEAFJL3JT732DCMPK2PHMT2VYGRA/ref=cm_cr_getr_d_gw_btm?ie=UTF8,2020-09-21 09:25:00.450041,2020-09-21 09:25:00.601319,Carhartt Men's Acrylic Watch Hat,Carhartt Sportswear - Mens,2,B002G9UDYG,AE7SSZYOT6UWUSBEJFS3K2RTRRTQ
848,AGM5EZH6FKZ3YNLYZCXC6PDMGM5Q,True,Carhartt,Great fit and great material,"January 11, 2020",Melissa Conway,5.0,0,https://www.amazon.ca/gp/profile/amzn1.account.AGM5EZH6FKZ3YNLYZCXC6PDMGM5Q/ref=cm_cr_getr_d_gw_btm?ie=UTF8,2020-09-21 09:25:00.605225,2020-09-21 09:25:00.733080,Carhartt Men's Acrylic Watch Hat,Carhartt Sportswear - Mens,2,B002G9UDYG,AE7SSZYOT6UWUSBEJFS3K2RTRRTQ
849,AF3NDWHJVLUVASYZOD6SM3LW66CA,True,warm toque,arrived as expected,"December 30, 2019",chunji,5.0,0,https://www.amazon.ca/gp/profile/amzn1.account.AF3NDWHJVLUVASYZOD6SM3LW66CA/ref=cm_cr_getr_d_gw_btm?ie=UTF8,2020-09-21 09:25:00.736984,2020-09-21 09:25:00.868776,Carhartt Men's Acrylic Watch Hat,Carhartt Sportswear - Mens,2,B002G9UDYG,AE7SSZYOT6UWUSBEJFS3K2RTRRTQ
850,AHN7RBKILWINTM3GKXFLI5D64NOA,True,"Fast shipping, all is good","Items exactly as described, high quality. Will be purchasing more colors.","September 19, 2019",Kolfinna,5.0,0,https://www.amazon.ca/gp/profile/amzn1.account.AHN7RBKILWINTM3GKXFLI5D64NOA/ref=cm_cr_getr_d_gw_btm?ie=UTF8,2020-09-21 09:25:03.990399,2020-09-21 09:25:04.116303,Carhartt Men's Acrylic Watch Hat,Carhartt Sportswear - Mens,2,B002G9UDYG,AE7SSZYOT6UWUSBEJFS3K2RTRRTQ
851,AFQZ4UKKC3BC6EDXW4JTXB4OTNGQ,True,Fits small,Fit is better suited to a small to average head size,"March 5, 2019",JDK,4.0,0,https://www.amazon.ca/gp/profile/amzn1.account.AFQZ4UKKC3BC6EDXW4JTXB4OTNGQ/ref=cm_cr_getr_d_gw_btm?ie=UTF8,2020-09-21 09:25:04.120207,2020-09-21 09:25:04.246111,Carhartt Men's Acrylic Watch Hat,Carhartt Sportswear - Mens,2,B002G9UDYG,AE7SSZYOT6UWUSBEJFS3K2RTRRTQ
852,AHS6Z57XR2THQ2PDFD5S3KNX5RZA,True,Love it,Its perfect,"January 18, 2020",andree beaulieu,5.0,0,https://www.amazon.ca/gp/profile/amzn1.account.AHS6Z57XR2THQ2PDFD5S3KNX5RZA/ref=cm_cr_getr_d_gw_btm?ie=UTF8,2020-09-21 09:25:04.251014,2020-09-21 09:25:04.376894,Carhartt Men's Acrylic Watch Hat,Carhartt Sportswear - Mens,2,B002G9UDYG,AE7SSZYOT6UWUSBEJFS3K2RTRRTQ
853,AHLXECPU4BKC3JQ4SSLUSGCZETSA,True,Awesome,Good quality great fit nice color,"January 19, 2020",Danijel vladic,5.0,0,https://www.amazon.ca/gp/profile/amzn1.account.AHLXECPU4BKC3JQ4SSLUSGCZETSA/ref=cm_cr_getr_d_gw_btm?ie=UTF8,2020-09-21 09:25:04.380797,2020-09-21 09:25:04.506760,Carhartt Men's Acrylic Watch Hat,Carhartt Sportswear - Mens,2,B002G9UDYG,AE7SSZYOT6UWUSBEJFS3K2RTRRTQ
854,AFMJXLJN7UEZNYOLNBDHBDVGUXMA,True,Very Good Quality,Great fit! Love the colour,"January 7, 2020",Paula Adshade,5.0,0,https://www.amazon.ca/gp/profile/amzn1.account.AFMJXLJN7UEZNYOLNBDHBDVGUXMA/ref=cm_cr_getr_d_gw_btm?ie=UTF8,2020-09-21 09:25:04.510663,2020-09-21 09:25:04.635616,Carhartt Men's Acrylic Watch Hat,Carhartt Sportswear - Mens,2,B002G9UDYG,AE7SSZYOT6UWUSBEJFS3K2RTRRTQ
855,AGSX3KZRHF2VMBHWYAYSRJZ6WFJA,True,Five Stars,Just as described,"December 15, 2017",Adam Genereaux,5.0,0,https://www.amazon.ca/gp/profile/amzn1.account.AGSX3KZRHF2VMBHWYAYSRJZ6WFJA/ref=cm_cr_getr_d_gw_btm?ie=UTF8,2020-09-21 09:25:04.639496,2020-09-21 09:25:04.765399,Carhartt Men's Acrylic Watch Hat,Carhartt Sportswear - Mens,2,B002G9UDYG,AE7SSZYOT6UWUSBEJFS3K2RTRRTQ
856,AHNMWVHH3CY5LCIV7T2DFPSMNPRA,True,Satisfied customer,"Exactly like photo and quick delivery, very happy","November 14, 2019",Star,5.0,0,https://www.amazon.ca/gp/profile/amzn1.account.AHNMWVHH3CY5LCIV7T2DFPSMNPRA/ref=cm_cr_getr_d_gw_btm?ie=UTF8,2020-09-21 09:25:04.769304,2020-09-21 09:25:04.895206,Carhartt Men's Acrylic Watch Hat,Carhartt Sportswear - Mens,2,B002G9UDYG,AE7SSZYOT6UWUSBEJFS3K2RTRRTQ
857,AG7KDVXL5Y5IYP4ICOTCRTWNNHJA,True,Came on time,Fit as expected... love it,"November 13, 2019",Saige,5.0,0,https://www.amazon.ca/gp/profile/amzn1.account.AG7KDVXL5Y5IYP4ICOTCRTWNNHJA/ref=cm_cr_getr_d_gw_btm?ie=UTF8,2020-09-21 09:25:04.899111,2020-09-21 09:25:05.028943,Carhartt Men's Acrylic Watch Hat,Carhartt Sportswear - Mens,2,B002G9UDYG,AE7SSZYOT6UWUSBEJFS3K2RTRRTQ
858,AHQ5AMZ3SO7ZCM6XG7T2MNDUKJ6A,True,Great value,"Great fit, quality and look","April 3, 2019",Amanda Daley,5.0,0,https://www.amazon.ca/gp/profile/amzn1.account.AHQ5AMZ3SO7ZCM6XG7T2MNDUKJ6A/ref=cm_cr_getr_d_gw_btm?ie=UTF8,2020-09-21 09:25:05.032822,2020-09-21 09:25:05.158793,Carhartt Men's Acrylic Watch Hat,Carhartt Sportswear - Mens,2,B002G9UDYG,AE7SSZYOT6UWUSBEJFS3K2RTRRTQ
859,AGARMHK5XCKMCTNJ6637RFLY7EJQ,True,Great Product,"Great product that is very warm, stylish and it fits great.","January 19, 2018",Pierre,5.0,0,https://www.amazon.ca/gp/profile/amzn1.account.AGARMHK5XCKMCTNJ6637RFLY7EJQ/ref=cm_cr_getr_d_gw_btm?ie=UTF8,2020-09-21 09:25:05.163691,2020-09-21 09:25:05.290548,Carhartt Men's Acrylic Watch Hat,Carhartt Sportswear - Mens,2,B002G9UDYG,AE7SSZYOT6UWUSBEJFS3K2RTRRTQ
860,AGJALNITEBGU2J6ZXRPDPBLRA23A,True,Fit as expected,Fit as expected,"December 8, 2019",Ahmed,5.0,0,https://www.amazon.ca/gp/profile/amzn1.account.AGJALNITEBGU2J6ZXRPDPBLRA23A/ref=cm_cr_getr_d_gw_btm?ie=UTF8,2020-09-21 09:25:09.412952,2020-09-21 09:25:09.559351,Carhartt Men's Acrylic Watch Hat,Carhartt Sportswear - Mens,2,B002G9UDYG,AE7SSZYOT6UWUSBEJFS3K2RTRRTQ
861,AHFQWAT2Y7G2TDNOQSG352XNUNUQ,True,👌🏼👍🏼,👌🏼👍🏼,"January 16, 2019",Gabriel Lavoie,5.0,0,https://www.amazon.ca/gp/profile/amzn1.account.AHFQWAT2Y7G2TDNOQSG352XNUNUQ/ref=cm_cr_getr_d_gw_btm?ie=UTF8,2020-09-21 09:25:09.563258,2020-09-21 09:25:09.694040,Carhartt Men's Acrylic Watch Hat,Carhartt Sportswear - Mens,2,B002G9UDYG,AE7SSZYOT6UWUSBEJFS3K2RTRRTQ
862,AEDYFW2Y2NK3PFVJKKZ2YNR2ASVA,True,Awesome hat,I love it,"December 27, 2019",Chantal flood,5.0,0,https://www.amazon.ca/gp/profile/amzn1.account.AEDYFW2Y2NK3PFVJKKZ2YNR2ASVA/ref=cm_cr_getr_d_gw_btm?ie=UTF8,2020-09-21 09:25:09.698920,2020-09-21 09:25:09.829703,Carhartt Men's Acrylic Watch Hat,Carhartt Sportswear - Mens,2,B002G9UDYG,AE7SSZYOT6UWUSBEJFS3K2RTRRTQ
863,AHTQTSHLESKSWRHCY2W6L7MC5IAQ,True,best i own,good fit and looks unreal,"January 8, 2020",Drew Lockwood,5.0,0,https://www.amazon.ca/gp/profile/amzn1.account.AHTQTSHLESKSWRHCY2W6L7MC5IAQ/ref=cm_cr_getr_d_gw_btm?ie=UTF8,2020-09-21 09:25:09.834584,2020-09-21 09:25:09.966344,Carhartt Men's Acrylic Watch Hat,Carhartt Sportswear - Mens,2,B002G9UDYG,AE7SSZYOT6UWUSBEJFS3K2RTRRTQ
864,AHFHZJODSIYJX452O3GM2TJLD54A,True,Love,"So warm and fits great! It is a little large, but I like beanies that way.","December 17, 2018",Rebecca H,5.0,0,https://www.amazon.ca/gp/profile/amzn1.account.AHFHZJODSIYJX452O3GM2TJLD54A/ref=cm_cr_getr_d_gw_btm?ie=UTF8,2020-09-21 09:25:09.972199,2020-09-21 09:25:10.117623,Carhartt Men's Acrylic Watch Hat,Carhartt Sportswear - Mens,2,B002G9UDYG,AE7SSZYOT6UWUSBEJFS3K2RTRRTQ
865,AHE6OHJ4CS6BAKCIHY2BC524QUEA,True,Great hat,Love it.,"January 31, 2020",Carley Arnaud,5.0,0,https://www.amazon.ca/gp/profile/amzn1.account.AHE6OHJ4CS6BAKCIHY2BC524QUEA/ref=cm_cr_getr_d_gw_btm?ie=UTF8,2020-09-21 09:25:10.122503,2020-09-21 09:25:10.266950,Carhartt Men's Acrylic Watch Hat,Carhartt Sportswear - Mens,2,B002G9UDYG,AE7SSZYOT6UWUSBEJFS3K2RTRRTQ
866,AEOBIIH3P6HNIHNPOUEAFVJ4MMCA,True,Good,I wish it was more warm. I live in Edmonton and these are not that good for cold weather,"January 1, 2019",Abdul Rahman,4.0,0,https://www.amazon.ca/gp/profile/amzn1.account.AEOBIIH3P6HNIHNPOUEAFVJ4MMCA/ref=cm_cr_getr_d_gw_btm?ie=UTF8,2020-09-21 09:25:10.270855,2020-09-21 09:25:10.400662,Carhartt Men's Acrylic Watch Hat,Carhartt Sportswear - Mens,2,B002G9UDYG,AE7SSZYOT6UWUSBEJFS3K2RTRRTQ
867,AGTPA74264DZHS4GWHU4XWTXTUFQ,True,Five Stars,Worth the money.,"November 15, 2017",Amazon Customer,5.0,0,https://www.amazon.ca/gp/profile/amzn1.account.AGTPA74264DZHS4GWHU4XWTXTUFQ/ref=cm_cr_getr_d_gw_btm?ie=UTF8,2020-09-21 09:25:10.405542,2020-09-21 09:25:10.536326,Carhartt Men's Acrylic Watch Hat,Carhartt Sportswear - Mens,2,B002G9UDYG,AE7SSZYOT6UWUSBEJFS3K2RTRRTQ
868,AHNMSPMUT5YJ63LKVRWJNMSSVZDQ,True,Excellent,Great product. Would recommend based on quality and price!,"December 20, 2019",Amazon Customer,5.0,0,https://www.amazon.ca/gp/profile/amzn1.account.AHNMSPMUT5YJ63LKVRWJNMSSVZDQ/ref=cm_cr_getr_d_gw_btm?ie=UTF8,2020-09-21 09:25:10.540230,2020-09-21 09:25:10.672999,Carhartt Men's Acrylic Watch Hat,Carhartt Sportswear - Mens,2,B002G9UDYG,AE7SSZYOT6UWUSBEJFS3K2RTRRTQ
869,AGFJCPDESBKQQZQW6EF73OMMT6UA,True,Not Made In USA,Not made in USA like description states. Shape is different than other Carhartt Watch Hats.,"February 6, 2019",S Page,2.0,0,https://www.amazon.ca/gp/profile/amzn1.account.AGFJCPDESBKQQZQW6EF73OMMT6UA/ref=cm_cr_getr_d_gw_btm?ie=UTF8,2020-09-21 09:25:10.677879,2020-09-21 09:25:10.835016,Carhartt Men's Acrylic Watch Hat,Carhartt Sportswear - Mens,2,B002G9UDYG,AE7SSZYOT6UWUSBEJFS3K2RTRRTQ
870,AH755LMEUMS6DLVEWJFYWFGM6OCA,True,Perfect,Warm and such a good price. Buying another as his work hat,"February 9, 2019",Jamie Anderson,5.0,0,https://www.amazon.ca/gp/profile/amzn1.account.AH755LMEUMS6DLVEWJFYWFGM6OCA/ref=cm_cr_getr_d_gw_btm?ie=UTF8,2020-09-21 09:25:14.972654,2020-09-21 09:25:15.117101,Carhartt Men's Acrylic Watch Hat,Carhartt Sportswear - Mens,2,B002G9UDYG,AE7SSZYOT6UWUSBEJFS3K2RTRRTQ
871,AGDRB5PVAR7BDC3TCW4VULESY2FA,True,What you expect,"It’s a carrhart hat, good price","February 29, 2020",Chris,5.0,0,https://www.amazon.ca/gp/profile/amzn1.account.AGDRB5PVAR7BDC3TCW4VULESY2FA/ref=cm_cr_getr_d_gw_btm?ie=UTF8,2020-09-21 09:25:15.121005,2020-09-21 09:25:15.396237,Carhartt Men's Acrylic Watch Hat,Carhartt Sportswear - Mens,2,B002G9UDYG,AE7SSZYOT6UWUSBEJFS3K2RTRRTQ
872,AGE5FHAPVVJM56ZNBFGZ4ECLBRGQ,True,love,love,"March 15, 2020",Andrea,5.0,0,https://www.amazon.ca/gp/profile/amzn1.account.AGE5FHAPVVJM56ZNBFGZ4ECLBRGQ/ref=cm_cr_getr_d_gw_btm?ie=UTF8,2020-09-21 09:25:15.401117,2020-09-21 09:25:15.529948,Carhartt Men's Acrylic Watch Hat,Carhartt Sportswear - Mens,2,B002G9UDYG,AE7SSZYOT6UWUSBEJFS3K2RTRRTQ
873,AEAKAAYWXN32NE7LZ4SOOOSCTMTA,True,Great quality’s,Great quality,"October 22, 2018",Amazon Customer,5.0,0,https://www.amazon.ca/gp/profile/amzn1.account.AEAKAAYWXN32NE7LZ4SOOOSCTMTA/ref=cm_cr_getr_d_gw_btm?ie=UTF8,2020-09-21 09:25:15.533852,2020-09-21 09:25:15.760435,Carhartt Men's Acrylic Watch Hat,Carhartt Sportswear - Mens,2,B002G9UDYG,AE7SSZYOT6UWUSBEJFS3K2RTRRTQ
874,AFLCZZLBYU366FZE7IQ3CGUYJBHA,True,Fits and looks as expected - on point!,This tuque was everything I expected and more!,"January 6, 2020",JB,5.0,0,https://www.amazon.ca/gp/profile/amzn1.account.AFLCZZLBYU366FZE7IQ3CGUYJBHA/ref=cm_cr_getr_d_gw_btm?ie=UTF8,2020-09-21 09:25:15.765315,2020-09-21 09:25:15.911715,Carhartt Men's Acrylic Watch Hat,Carhartt Sportswear - Mens,2,B002G9UDYG,AE7SSZYOT6UWUSBEJFS3K2RTRRTQ
875,AFGD4SXJOFKHL77BO23ONNUZLZFA,True,As pictured,Just as pictured. Colour is just like the photo,"October 29, 2019",Brittany,5.0,0,https://www.amazon.ca/gp/profile/amzn1.account.AFGD4SXJOFKHL77BO23ONNUZLZFA/ref=cm_cr_getr_d_gw_btm?ie=UTF8,2020-09-21 09:25:15.918546,2020-09-21 09:25:16.051283,Carhartt Men's Acrylic Watch Hat,Carhartt Sportswear - Mens,2,B002G9UDYG,AE7SSZYOT6UWUSBEJFS3K2RTRRTQ
876,AFSFWY35KJ6G6LQCID4IMFT4GIAA,True,Four Stars,"The fit is a little tight, but the quality and material is superb.","March 29, 2018",Gurkamal Deol,4.0,0,https://www.amazon.ca/gp/profile/amzn1.account.AFSFWY35KJ6G6LQCID4IMFT4GIAA/ref=cm_cr_getr_d_gw_btm?ie=UTF8,2020-09-21 09:25:16.056164,2020-09-21 09:25:16.182067,Carhartt Men's Acrylic Watch Hat,Carhartt Sportswear - Mens,2,B002G9UDYG,AE7SSZYOT6UWUSBEJFS3K2RTRRTQ
877,AF6KDPZAUHBHCNNAIDKHX6FQUS6A,True,Super warm,I wear it every day.,"March 7, 2019",Amazon Customer,5.0,0,https://www.amazon.ca/gp/profile/amzn1.account.AF6KDPZAUHBHCNNAIDKHX6FQUS6A/ref=cm_cr_getr_d_gw_btm?ie=UTF8,2020-09-21 09:25:16.185970,2020-09-21 09:25:16.321633,Carhartt Men's Acrylic Watch Hat,Carhartt Sportswear - Mens,2,B002G9UDYG,AE7SSZYOT6UWUSBEJFS3K2RTRRTQ
878,AGKW2H2TSIXLCSUV7UNDRZQDJG3Q,True,Awesome,Great,"January 29, 2020",TerryBeth,5.0,0,https://www.amazon.ca/gp/profile/amzn1.account.AGKW2H2TSIXLCSUV7UNDRZQDJG3Q/ref=cm_cr_getr_d_gw_btm?ie=UTF8,2020-09-21 09:25:16.325537,2020-09-21 09:25:16.455348,Carhartt Men's Acrylic Watch Hat,Carhartt Sportswear - Mens,2,B002G9UDYG,AE7SSZYOT6UWUSBEJFS3K2RTRRTQ
879,AGQVGDXJ4AYH7UAG3HRGFFQKLW2Q,True,Very good fit,I was very satisfied with the fit and material of this touques.,"December 17, 2018",SK,5.0,0,https://www.amazon.ca/gp/profile/amzn1.account.AGQVGDXJ4AYH7UAG3HRGFFQKLW2Q/ref=cm_cr_getr_d_gw_btm?ie=UTF8,2020-09-21 09:25:16.460225,2020-09-21 09:25:16.591985,Carhartt Men's Acrylic Watch Hat,Carhartt Sportswear - Mens,2,B002G9UDYG,AE7SSZYOT6UWUSBEJFS3K2RTRRTQ
880,AGKZU6CFP6Y5EB63OS562AA34JOA,True,one size,one size does not fit all,"February 7, 2020",John H.,1.0,0,https://www.amazon.ca/gp/profile/amzn1.account.AGKZU6CFP6Y5EB63OS562AA34JOA/ref=cm_cr_getr_d_gw_btm?ie=UTF8,2020-09-21 09:25:18.743445,2020-09-21 09:25:18.883988,Carhartt Men's Acrylic Watch Hat,Carhartt Sportswear - Mens,2,B002G9UDYG,AE7SSZYOT6UWUSBEJFS3K2RTRRTQ
881,AEFPMDSSUZT3YNEOBDMSHED2I3ZQ,True,Proper toque!,Well made. arrived the next day very pleased with perches!,"January 26, 2019",Carlos Barrientos,5.0,0,https://www.amazon.ca/gp/profile/amzn1.account.AEFPMDSSUZT3YNEOBDMSHED2I3ZQ/ref=cm_cr_getr_d_gw_btm?ie=UTF8,2020-09-21 09:25:18.887892,2020-09-21 09:25:19.019689,Carhartt Men's Acrylic Watch Hat,Carhartt Sportswear - Mens,2,B002G9UDYG,AE7SSZYOT6UWUSBEJFS3K2RTRRTQ
882,AE727HWNWT7GK7KSMQJEDQWLSZCA,True,Great product,Product was exactly as posted.. very warm,"January 28, 2020",Justin,5.0,0,https://www.amazon.ca/gp/profile/amzn1.account.AE727HWNWT7GK7KSMQJEDQWLSZCA/ref=cm_cr_getr_d_gw_btm?ie=UTF8,2020-09-21 09:25:19.024570,2020-09-21 09:25:19.157313,Carhartt Men's Acrylic Watch Hat,Carhartt Sportswear - Mens,2,B002G9UDYG,AE7SSZYOT6UWUSBEJFS3K2RTRRTQ
883,AFEIAL3JD6S5W2IZD5JF6KYKUGXQ,True,Happy daughter!,My daughter loves it,"March 16, 2020",lola,4.0,0,https://www.amazon.ca/gp/profile/amzn1.account.AFEIAL3JD6S5W2IZD5JF6KYKUGXQ/ref=cm_cr_getr_d_gw_btm?ie=UTF8,2020-09-21 09:25:19.161218,2020-09-21 09:25:19.289073,Carhartt Men's Acrylic Watch Hat,Carhartt Sportswear - Mens,2,B002G9UDYG,AE7SSZYOT6UWUSBEJFS3K2RTRRTQ
884,AHEENUIFW27WSOPSB55W3E6UDREA,True,Five Stars,Great product,"March 26, 2018",Amazon Customer,5.0,0,https://www.amazon.ca/gp/profile/amzn1.account.AHEENUIFW27WSOPSB55W3E6UDREA/ref=cm_cr_getr_d_gw_btm?ie=UTF8,2020-09-21 09:25:19.292977,2020-09-21 09:25:19.419858,Carhartt Men's Acrylic Watch Hat,Carhartt Sportswear - Mens,2,B002G9UDYG,AE7SSZYOT6UWUSBEJFS3K2RTRRTQ
885,AFVMKOKL42TECUOLQKP325PZ5SOQ,True,great product delivered on time,great product delivered on time,"February 13, 2020",Amazon Customer,5.0,0,https://www.amazon.ca/gp/profile/amzn1.account.AFVMKOKL42TECUOLQKP325PZ5SOQ/ref=cm_cr_getr_d_gw_btm?ie=UTF8,2020-09-21 09:25:19.423761,2020-09-21 09:25:19.554546,Carhartt Men's Acrylic Watch Hat,Carhartt Sportswear - Mens,2,B002G9UDYG,AE7SSZYOT6UWUSBEJFS3K2RTRRTQ
886,AGHEAZ5EAAZCAC3DH67JPGRR7BDA,True,Perfect,Came in perfect,"June 1, 2020",Annoyed ,5.0,0,https://www.amazon.ca/gp/profile/amzn1.account.AGHEAZ5EAAZCAC3DH67JPGRR7BDA/ref=cm_cr_getr_d_gw_btm?ie=UTF8,2020-09-21 09:25:19.558448,2020-09-21 09:25:19.686304,Carhartt Men's Acrylic Watch Hat,Carhartt Sportswear - Mens,2,B002G9UDYG,AE7SSZYOT6UWUSBEJFS3K2RTRRTQ
887,AF4WSJ4WNG2D7MDC7B6CEHMU3PZA,True,Know your size,The person who got this is very happy,"December 26, 2019",Amazon Customer,3.0,0,https://www.amazon.ca/gp/profile/amzn1.account.AF4WSJ4WNG2D7MDC7B6CEHMU3PZA/ref=cm_cr_getr_d_gw_btm?ie=UTF8,2020-09-21 09:25:19.690208,2020-09-21 09:25:19.819086,Carhartt Men's Acrylic Watch Hat,Carhartt Sportswear - Mens,2,B002G9UDYG,AE7SSZYOT6UWUSBEJFS3K2RTRRTQ
888,AGELND6EV4HYQ3TVOH7WONJUMK4Q,True,Good,Good quality,"May 25, 2019",Amazon Customer,4.0,0,https://www.amazon.ca/gp/profile/amzn1.account.AGELND6EV4HYQ3TVOH7WONJUMK4Q/ref=cm_cr_getr_d_gw_btm?ie=UTF8,2020-09-21 09:25:19.822989,2020-09-21 09:25:19.950845,Carhartt Men's Acrylic Watch Hat,Carhartt Sportswear - Mens,2,B002G9UDYG,AE7SSZYOT6UWUSBEJFS3K2RTRRTQ
889,AEGLRAGL5URVBDUFIXSJAH7OC3OQ,True,Convient parfaitement,Le modèle de La Tuque me convient parfaitement,"February 18, 2019",Jessica Genest,5.0,0,https://www.amazon.ca/gp/profile/amzn1.account.AEGLRAGL5URVBDUFIXSJAH7OC3OQ/ref=cm_cr_getr_d_gw_btm?ie=UTF8,2020-09-21 09:25:19.953772,2020-09-21 09:25:20.082657,Carhartt Men's Acrylic Watch Hat,Carhartt Sportswear - Mens,2,B002G9UDYG,AE7SSZYOT6UWUSBEJFS3K2RTRRTQ
890,AFL6J2M4WBNHJUGD6ZDTZFNPEMDQ,True,Love,I like the warmth but it does fit on the smaller side,"December 22, 2019",Alissa,5.0,0,https://www.amazon.ca/gp/profile/amzn1.account.AFL6J2M4WBNHJUGD6ZDTZFNPEMDQ/ref=cm_cr_getr_d_gw_btm?ie=UTF8,2020-09-21 09:25:22.241961,2020-09-21 09:25:22.400073,Carhartt Men's Acrylic Watch Hat,Carhartt Sportswear - Mens,2,B002G9UDYG,AE7SSZYOT6UWUSBEJFS3K2RTRRTQ
891,AHE7PO7ZZJI5JYVUAG74O7IIUSPA,True,Super produit,Super produit,"December 11, 2019",Amazon Customer,5.0,0,https://www.amazon.ca/gp/profile/amzn1.account.AHE7PO7ZZJI5JYVUAG74O7IIUSPA/ref=cm_cr_getr_d_gw_btm?ie=UTF8,2020-09-21 09:25:22.403976,2020-09-21 09:25:22.531871,Carhartt Men's Acrylic Watch Hat,Carhartt Sportswear - Mens,2,B002G9UDYG,AE7SSZYOT6UWUSBEJFS3K2RTRRTQ
892,AHQUGJWUEY6722EVYZ56ADUVFAJQ,True,It's a bright orange carhartt toque,"perf, love the colour :)","May 7, 2020",Jacky,5.0,0,https://www.amazon.ca/gp/profile/amzn1.account.AHQUGJWUEY6722EVYZ56ADUVFAJQ/ref=cm_cr_getr_d_gw_btm?ie=UTF8,2020-09-21 09:25:22.536750,2020-09-21 09:25:22.657773,Carhartt Men's Acrylic Watch Hat,Carhartt Sportswear - Mens,2,B002G9UDYG,AE7SSZYOT6UWUSBEJFS3K2RTRRTQ
893,AG6DTSLUNIYVWDF4RLDUID7CMQYQ,True,Perfect,Great item,"January 2, 2020",Tammy ,5.0,0,https://www.amazon.ca/gp/profile/amzn1.account.AG6DTSLUNIYVWDF4RLDUID7CMQYQ/ref=cm_cr_getr_d_gw_btm?ie=UTF8,2020-09-21 09:25:22.662654,2020-09-21 09:25:22.787581,Carhartt Men's Acrylic Watch Hat,Carhartt Sportswear - Mens,2,B002G9UDYG,AE7SSZYOT6UWUSBEJFS3K2RTRRTQ
894,AF6F766LC4JK3QEUA72FLX5QOCAQ,True,Squint closely to see colour,Colour was a dull brown green. Very neutral. I thought it would be a bit more olive toned,"January 9, 2019",athena,4.0,0,https://www.amazon.ca/gp/profile/amzn1.account.AF6F766LC4JK3QEUA72FLX5QOCAQ/ref=cm_cr_getr_d_gw_btm?ie=UTF8,2020-09-21 09:25:22.792461,2020-09-21 09:25:22.918404,Carhartt Men's Acrylic Watch Hat,Carhartt Sportswear - Mens,2,B002G9UDYG,AE7SSZYOT6UWUSBEJFS3K2RTRRTQ
895,AEPKAFZ6GEOAJXQARRRXYQZBG7CQ,True,Great,Perfect !,"May 21, 2020",Sophie Galvan,5.0,0,https://www.amazon.ca/gp/profile/amzn1.account.AEPKAFZ6GEOAJXQARRRXYQZBG7CQ/ref=cm_cr_getr_d_gw_btm?ie=UTF8,2020-09-21 09:25:22.922307,2020-09-21 09:25:23.053090,Carhartt Men's Acrylic Watch Hat,Carhartt Sportswear - Mens,2,B002G9UDYG,AE7SSZYOT6UWUSBEJFS3K2RTRRTQ
896,AGZZJKKUJPBI5LIM64FAMIKHVLHA,True,Fits great nice and warm.,Perfect cheap!,"October 31, 2018",Marko,5.0,0,https://www.amazon.ca/gp/profile/amzn1.account.AGZZJKKUJPBI5LIM64FAMIKHVLHA/ref=cm_cr_getr_d_gw_btm?ie=UTF8,2020-09-21 09:25:23.056995,2020-09-21 09:25:23.182899,Carhartt Men's Acrylic Watch Hat,Carhartt Sportswear - Mens,2,B002G9UDYG,AE7SSZYOT6UWUSBEJFS3K2RTRRTQ
897,AHGBAMBRM4MCONPCVZM5TXB2EJBQ,True,"Comfy, cosy, and warm","Comfy, cosy, and warm","December 12, 2019",Jessica,5.0,0,https://www.amazon.ca/gp/profile/amzn1.account.AHGBAMBRM4MCONPCVZM5TXB2EJBQ/ref=cm_cr_getr_d_gw_btm?ie=UTF8,2020-09-21 09:25:23.186802,2020-09-21 09:25:23.312706,Carhartt Men's Acrylic Watch Hat,Carhartt Sportswear - Mens,2,B002G9UDYG,AE7SSZYOT6UWUSBEJFS3K2RTRRTQ
898,AFLP5POZRGAPARMCFP6FFVVPWGCA,True,Careful the color is much darker than it is in the picture,The color of the product shown in the picture is much lighter than the one I received.,"March 29, 2019",Andy,1.0,0,https://www.amazon.ca/gp/profile/amzn1.account.AFLP5POZRGAPARMCFP6FFVVPWGCA/ref=cm_cr_getr_d_gw_btm?ie=UTF8,2020-09-21 09:25:23.317586,2020-09-21 09:25:23.454226,Carhartt Men's Acrylic Watch Hat,Carhartt Sportswear - Mens,2,B002G9UDYG,AE7SSZYOT6UWUSBEJFS3K2RTRRTQ
899,AH2NXVSBKJOH6TZ5Z6HZGWEFBZHA,True,Great.,Great. I've bought several colours.,"October 22, 2019",travis,5.0,0,https://www.amazon.ca/gp/profile/amzn1.account.AH2NXVSBKJOH6TZ5Z6HZGWEFBZHA/ref=cm_cr_getr_d_gw_btm?ie=UTF8,2020-09-21 09:25:23.459138,2020-09-21 09:25:23.588913,Carhartt Men's Acrylic Watch Hat,Carhartt Sportswear - Mens,2,B002G9UDYG,AE7SSZYOT6UWUSBEJFS3K2RTRRTQ
900,AFYPZM37NQI4WNBANMLC4IOABP5Q,True,Still like it. Carhartt is,"Looks dark grey, not green. Still like it. Carhartt is awesome","May 17, 2018",kale bach,3.0,0,https://www.amazon.ca/gp/profile/amzn1.account.AFYPZM37NQI4WNBANMLC4IOABP5Q/ref=cm_cr_getr_d_gw_btm?ie=UTF8,2020-09-21 09:25:27.711134,2020-09-21 09:25:27.862470,Carhartt Men's Acrylic Watch Hat,Carhartt Sportswear - Mens,2,B002G9UDYG,AE7SSZYOT6UWUSBEJFS3K2RTRRTQ
901,AGB2XYI4BB6P3VT2LTMACDO6UKVQ,True,Good Purchase,Item was exactly as expected.,"December 5, 2019",Amazon Customer,5.0,0,https://www.amazon.ca/gp/profile/amzn1.account.AGB2XYI4BB6P3VT2LTMACDO6UKVQ/ref=cm_cr_getr_d_gw_btm?ie=UTF8,2020-09-21 09:25:27.866373,2020-09-21 09:25:28.024514,Carhartt Men's Acrylic Watch Hat,Carhartt Sportswear - Mens,2,B002G9UDYG,AE7SSZYOT6UWUSBEJFS3K2RTRRTQ
902,AGYVPFTL3ASBOUX5YOTPBSIMCTGQ,True,As expected,Very nice material.,"February 20, 2020",Nathaniel Hopp,5.0,0,https://www.amazon.ca/gp/profile/amzn1.account.AGYVPFTL3ASBOUX5YOTPBSIMCTGQ/ref=cm_cr_getr_d_gw_btm?ie=UTF8,2020-09-21 09:25:28.028419,2020-09-21 09:25:28.158237,Carhartt Men's Acrylic Watch Hat,Carhartt Sportswear - Mens,2,B002G9UDYG,AE7SSZYOT6UWUSBEJFS3K2RTRRTQ
903,AE3R2NWBTSTYAH5CBBBY75REGCQA,True,looks great,Fit and look as expected. Comfortable and warm.,"January 16, 2019",MM,5.0,0,https://www.amazon.ca/gp/profile/amzn1.account.AE3R2NWBTSTYAH5CBBBY75REGCQA/ref=cm_cr_getr_d_gw_btm?ie=UTF8,2020-09-21 09:25:28.163117,2020-09-21 09:25:28.289021,Carhartt Men's Acrylic Watch Hat,Carhartt Sportswear - Mens,2,B002G9UDYG,AE7SSZYOT6UWUSBEJFS3K2RTRRTQ
904,AFJ6RO4QR52KZSN5A345U7ZIJMHA,True,Fits like a child size,Very small size. Wont fit a grown man,"October 4, 2019",Alex,2.0,0,https://www.amazon.ca/gp/profile/amzn1.account.AFJ6RO4QR52KZSN5A345U7ZIJMHA/ref=cm_cr_getr_d_gw_btm?ie=UTF8,2020-09-21 09:25:28.292924,2020-09-21 09:25:28.413948,Carhartt Men's Acrylic Watch Hat,Carhartt Sportswear - Mens,2,B002G9UDYG,AE7SSZYOT6UWUSBEJFS3K2RTRRTQ
905,AFU2RYOBB7WRH74PFA64I6CTEMJA,True,Perfect for my husband who is always outdoors on his job,Great service. Perfect hat.,"December 19, 2019",Andyxxxx,5.0,0,https://www.amazon.ca/gp/profile/amzn1.account.AFU2RYOBB7WRH74PFA64I6CTEMJA/ref=cm_cr_getr_d_gw_btm?ie=UTF8,2020-09-21 09:25:28.416874,2020-09-21 09:25:28.544731,Carhartt Men's Acrylic Watch Hat,Carhartt Sportswear - Mens,2,B002G9UDYG,AE7SSZYOT6UWUSBEJFS3K2RTRRTQ
906,AGDK36RVPGPGXPE3KGKN42O7X4IQ,True,5/5,Fits perfect and great quality!,"March 15, 2020",Serena V.,5.0,0,https://www.amazon.ca/gp/profile/amzn1.account.AGDK36RVPGPGXPE3KGKN42O7X4IQ/ref=cm_cr_getr_d_gw_btm?ie=UTF8,2020-09-21 09:25:28.549612,2020-09-21 09:25:28.674539,Carhartt Men's Acrylic Watch Hat,Carhartt Sportswear - Mens,2,B002G9UDYG,AE7SSZYOT6UWUSBEJFS3K2RTRRTQ
907,AGIMFUEI3UEHY4CL47CAQFFH2AMA,True,👍🏽👍🏽👍🏽,"Colour is awesome, fit is great.","November 13, 2018",Lauren,5.0,0,https://www.amazon.ca/gp/profile/amzn1.account.AGIMFUEI3UEHY4CL47CAQFFH2AMA/ref=cm_cr_getr_d_gw_btm?ie=UTF8,2020-09-21 09:25:28.678442,2020-09-21 09:25:28.813131,Carhartt Men's Acrylic Watch Hat,Carhartt Sportswear - Mens,2,B002G9UDYG,AE7SSZYOT6UWUSBEJFS3K2RTRRTQ
908,AGIRKP4QIMXF3DEAXHFX4AW6EIOA,True,Light and well-fitting hat,I have no complaint so far.,"March 3, 2019",Sean,5.0,0,https://www.amazon.ca/gp/profile/amzn1.account.AGIRKP4QIMXF3DEAXHFX4AW6EIOA/ref=cm_cr_getr_d_gw_btm?ie=UTF8,2020-09-21 09:25:28.817035,2020-09-21 09:25:28.944890,Carhartt Men's Acrylic Watch Hat,Carhartt Sportswear - Mens,2,B002G9UDYG,AE7SSZYOT6UWUSBEJFS3K2RTRRTQ
909,AFMKHRLB2ZO6GOZG6KOZ2J6ZN6WQ,True,Good toque,"Quality toque, wear more than any other","March 11, 2020",Mitchell,5.0,0,https://www.amazon.ca/gp/profile/amzn1.account.AFMKHRLB2ZO6GOZG6KOZ2J6ZN6WQ/ref=cm_cr_getr_d_gw_btm?ie=UTF8,2020-09-21 09:25:28.949771,2020-09-21 09:25:29.084458,Carhartt Men's Acrylic Watch Hat,Carhartt Sportswear - Mens,2,B002G9UDYG,AE7SSZYOT6UWUSBEJFS3K2RTRRTQ
910,AHU3AEFASOH3TTRFR377GGSTTGJQ,True,These hats are for everyone and have a great look,I love this Product for everyday/everywhere use!,"January 2, 2020",Liv,5.0,0,https://www.amazon.ca/gp/profile/amzn1.account.AHU3AEFASOH3TTRFR377GGSTTGJQ/ref=cm_cr_getr_d_gw_btm?ie=UTF8,2020-09-21 09:25:31.189863,2020-09-21 09:25:31.320646,Carhartt Men's Acrylic Watch Hat,Carhartt Sportswear - Mens,2,B002G9UDYG,AE7SSZYOT6UWUSBEJFS3K2RTRRTQ
911,AHXRLRFBMURJ3BOV2XDCRO4NDM4Q,True,Love the raspberry color,Very warm!,"December 17, 2018",Alanna Birtch,5.0,0,https://www.amazon.ca/gp/profile/amzn1.account.AHXRLRFBMURJ3BOV2XDCRO4NDM4Q/ref=cm_cr_getr_d_gw_btm?ie=UTF8,2020-09-21 09:25:31.324550,2020-09-21 09:25:31.459314,Carhartt Men's Acrylic Watch Hat,Carhartt Sportswear - Mens,2,B002G9UDYG,AE7SSZYOT6UWUSBEJFS3K2RTRRTQ
912,AGY4Q77K5ZBZHB647PZIGJB7RZ3A,True,"DELIVERED AS ORDERED, RECEIVED AS ADVERTISED","DELIVERED AS ORDERED, RECEIVED AS ADVERTISED","January 30, 2020",Katie McNeil,5.0,0,https://www.amazon.ca/gp/profile/amzn1.account.AGY4Q77K5ZBZHB647PZIGJB7RZ3A/ref=cm_cr_getr_d_gw_btm?ie=UTF8,2020-09-21 09:25:31.464195,2020-09-21 09:25:31.594038,Carhartt Men's Acrylic Watch Hat,Carhartt Sportswear - Mens,2,B002G9UDYG,AE7SSZYOT6UWUSBEJFS3K2RTRRTQ
913,AFPLK6CGWJPC2AP3RUF3Q6UKPBFA,True,Good quality,Very warm,"December 31, 2019",Bango,5.0,0,https://www.amazon.ca/gp/profile/amzn1.account.AFPLK6CGWJPC2AP3RUF3Q6UKPBFA/ref=cm_cr_getr_d_gw_btm?ie=UTF8,2020-09-21 09:25:31.598917,2020-09-21 09:25:31.729771,Carhartt Men's Acrylic Watch Hat,Carhartt Sportswear - Mens,2,B002G9UDYG,AE7SSZYOT6UWUSBEJFS3K2RTRRTQ
914,AGS36IHWIIVFPIRYAHWFGYPJHZJQ,True,Great Quality,Love the toque...does fit a little big but totally fine for Canadian winters!,"February 13, 2018",Jen E,5.0,0,https://www.amazon.ca/gp/profile/amzn1.account.AGS36IHWIIVFPIRYAHWFGYPJHZJQ/ref=cm_cr_getr_d_gw_btm?ie=UTF8,2020-09-21 09:25:31.734677,2020-09-21 09:25:31.867386,Carhartt Men's Acrylic Watch Hat,Carhartt Sportswear - Mens,2,B002G9UDYG,AE7SSZYOT6UWUSBEJFS3K2RTRRTQ
915,AH6WZCGWT6IHBZPJUTH7PLG37JRQ,True,It's bright,Fits good and is warm,"January 18, 2020",Adam,5.0,0,https://www.amazon.ca/gp/profile/amzn1.account.AH6WZCGWT6IHBZPJUTH7PLG37JRQ/ref=cm_cr_getr_d_gw_btm?ie=UTF8,2020-09-21 09:25:31.871290,2020-09-21 09:25:32.011835,Carhartt Men's Acrylic Watch Hat,Carhartt Sportswear - Mens,2,B002G9UDYG,AE7SSZYOT6UWUSBEJFS3K2RTRRTQ
916,AERTKBSMVJFCU3EL2BAXX36AJ44Q,True,Too small,way too small? supposed to be one size fits all,"January 1, 2020",Amazon Customer,2.0,0,https://www.amazon.ca/gp/profile/amzn1.account.AERTKBSMVJFCU3EL2BAXX36AJ44Q/ref=cm_cr_getr_d_gw_btm?ie=UTF8,2020-09-21 09:25:32.017692,2020-09-21 09:25:32.238298,Carhartt Men's Acrylic Watch Hat,Carhartt Sportswear - Mens,2,B002G9UDYG,AE7SSZYOT6UWUSBEJFS3K2RTRRTQ
917,AG2OGMJPOTWT3G4K2RAIJJZZY4KQ,True,Great hat,Great just want i wanted,"June 11, 2020",Justin,5.0,0,https://www.amazon.ca/gp/profile/amzn1.account.AG2OGMJPOTWT3G4K2RAIJJZZY4KQ/ref=cm_cr_getr_d_gw_btm?ie=UTF8,2020-09-21 09:25:32.242203,2020-09-21 09:25:32.370059,Carhartt Men's Acrylic Watch Hat,Carhartt Sportswear - Mens,2,B002G9UDYG,AE7SSZYOT6UWUSBEJFS3K2RTRRTQ
918,AGAAISWSNTUVTQXSEABZ7XMVQOEA,True,as expected,fit well and shipped quickly,"March 18, 2020",Ethan lessard,5.0,0,https://www.amazon.ca/gp/profile/amzn1.account.AGAAISWSNTUVTQXSEABZ7XMVQOEA/ref=cm_cr_getr_d_gw_btm?ie=UTF8,2020-09-21 09:25:32.373965,2020-09-21 09:25:32.497914,Carhartt Men's Acrylic Watch Hat,Carhartt Sportswear - Mens,2,B002G9UDYG,AE7SSZYOT6UWUSBEJFS3K2RTRRTQ
919,AEMTMR47SB5UFXDTBKAFXSSTVR7Q,True,Carhartt Beanie,The product looked like the photo and fit as expected.,"September 1, 2019",Kyle Young,4.0,0,https://www.amazon.ca/gp/profile/amzn1.account.AEMTMR47SB5UFXDTBKAFXSSTVR7Q/ref=cm_cr_getr_d_gw_btm?ie=UTF8,2020-09-21 09:25:32.502794,2020-09-21 09:25:32.634554,Carhartt Men's Acrylic Watch Hat,Carhartt Sportswear - Mens,2,B002G9UDYG,AE7SSZYOT6UWUSBEJFS3K2RTRRTQ
920,AEZNM3HIFV5DKHBS73UKEKK7GXXQ,True,Great purchase,So warm!!!!,"January 26, 2020",timothy pasquini,5.0,0,https://www.amazon.ca/gp/profile/amzn1.account.AEZNM3HIFV5DKHBS73UKEKK7GXXQ/ref=cm_cr_getr_d_gw_btm?ie=UTF8,2020-09-21 09:25:36.745101,2020-09-21 09:25:36.889549,Carhartt Men's Acrylic Watch Hat,Carhartt Sportswear - Mens,2,B002G9UDYG,AE7SSZYOT6UWUSBEJFS3K2RTRRTQ
921,AHLAJ4ZRKAQJS35CVPC6D25OZ5MQ,True,Perfect,Very soft and fits great,"May 30, 2020",Amazon Customer,5.0,0,https://www.amazon.ca/gp/profile/amzn1.account.AHLAJ4ZRKAQJS35CVPC6D25OZ5MQ/ref=cm_cr_getr_d_gw_btm?ie=UTF8,2020-09-21 09:25:36.893452,2020-09-21 09:25:37.037932,Carhartt Men's Acrylic Watch Hat,Carhartt Sportswear - Mens,2,B002G9UDYG,AE7SSZYOT6UWUSBEJFS3K2RTRRTQ
922,AGL7YJHQSSFVFZ3NGYOKBIEJTMCA,True,Perfect fit!,Love it! Fits great.,"January 13, 2020",Liz Hesleton,5.0,0,https://www.amazon.ca/gp/profile/amzn1.account.AGL7YJHQSSFVFZ3NGYOKBIEJTMCA/ref=cm_cr_getr_d_gw_btm?ie=UTF8,2020-09-21 09:25:37.041804,2020-09-21 09:25:37.180396,Carhartt Men's Acrylic Watch Hat,Carhartt Sportswear - Mens,2,B002G9UDYG,AE7SSZYOT6UWUSBEJFS3K2RTRRTQ
923,AEQSDSDLFKLC2O7QJJAADR67P7CA,True,Cant go wrong with Carhartt,"Work/play, always a good product","October 13, 2019",Leemarnhart,5.0,0,https://www.amazon.ca/gp/profile/amzn1.account.AEQSDSDLFKLC2O7QJJAADR67P7CA/ref=cm_cr_getr_d_gw_btm?ie=UTF8,2020-09-21 09:25:37.185302,2020-09-21 09:25:37.317036,Carhartt Men's Acrylic Watch Hat,Carhartt Sportswear - Mens,2,B002G9UDYG,AE7SSZYOT6UWUSBEJFS3K2RTRRTQ
924,AFI72GPKXSDFT2E5YF74L3RPZQHA,True,The product is a little to big.,It’s way to long,"May 28, 2020",lane morningchild,1.0,0,https://www.amazon.ca/gp/profile/amzn1.account.AFI72GPKXSDFT2E5YF74L3RPZQHA/ref=cm_cr_getr_d_gw_btm?ie=UTF8,2020-09-21 09:25:37.321916,2020-09-21 09:25:37.453676,Carhartt Men's Acrylic Watch Hat,Carhartt Sportswear - Mens,2,B002G9UDYG,AE7SSZYOT6UWUSBEJFS3K2RTRRTQ
925,AGT6JWU726U5D373XL42KCUC6SCA,True,Great toque,Awesome toque,"January 1, 2019",Amazon Customer,5.0,0,https://www.amazon.ca/gp/profile/amzn1.account.AGT6JWU726U5D373XL42KCUC6SCA/ref=cm_cr_getr_d_gw_btm?ie=UTF8,2020-09-21 09:25:37.458555,2020-09-21 09:25:37.589339,Carhartt Men's Acrylic Watch Hat,Carhartt Sportswear - Mens,2,B002G9UDYG,AE7SSZYOT6UWUSBEJFS3K2RTRRTQ
926,AEXPNP7LCAJFRLOK36XO63OICHQQ,True,Five Stars,Perfect!,"February 1, 2017",Glenda Hamilton,5.0,0,https://www.amazon.ca/gp/profile/amzn1.account.AEXPNP7LCAJFRLOK36XO63OICHQQ/ref=cm_cr_getr_d_gw_btm?ie=UTF8,2020-09-21 09:25:37.593243,2020-09-21 09:25:37.724027,Carhartt Men's Acrylic Watch Hat,Carhartt Sportswear - Mens,2,B002G9UDYG,AE7SSZYOT6UWUSBEJFS3K2RTRRTQ
927,AEN5XV27YM3NF43OHPJPPYZOM7NQ,True,Great purchase,"Great hat, wear it all the time and it always looks cute","January 22, 2019",kait ,5.0,0,https://www.amazon.ca/gp/profile/amzn1.account.AEN5XV27YM3NF43OHPJPPYZOM7NQ/ref=cm_cr_getr_d_gw_btm?ie=UTF8,2020-09-21 09:25:37.728907,2020-09-21 09:25:37.860667,Carhartt Men's Acrylic Watch Hat,Carhartt Sportswear - Mens,2,B002G9UDYG,AE7SSZYOT6UWUSBEJFS3K2RTRRTQ
928,AEZNHF3NVVWJLU4FXGWDFFRK2N7Q,True,Keeps my head warm,Sure does.,"January 11, 2019",Amazon Customer,5.0,0,https://www.amazon.ca/gp/profile/amzn1.account.AEZNHF3NVVWJLU4FXGWDFFRK2N7Q/ref=cm_cr_getr_d_gw_btm?ie=UTF8,2020-09-21 09:25:37.864570,2020-09-21 09:25:37.999259,Carhartt Men's Acrylic Watch Hat,Carhartt Sportswear - Mens,2,B002G9UDYG,AE7SSZYOT6UWUSBEJFS3K2RTRRTQ
929,AECPTMSTJQ6EBUWEX4CYTDJA52YA,True,Great,"Warm, comfortable and cozy.","May 15, 2019",Ola,5.0,0,https://www.amazon.ca/gp/profile/amzn1.account.AECPTMSTJQ6EBUWEX4CYTDJA52YA/ref=cm_cr_getr_d_gw_btm?ie=UTF8,2020-09-21 09:25:38.003162,2020-09-21 09:25:38.146635,Carhartt Men's Acrylic Watch Hat,Carhartt Sportswear - Mens,2,B002G9UDYG,AE7SSZYOT6UWUSBEJFS3K2RTRRTQ
930,AGUSADSGYHB3EK7AWILAXYUSHI3A,True,Good toque,Good toque,"December 26, 2019",Jason Carlucci,5.0,0,https://www.amazon.ca/gp/profile/amzn1.account.AGUSADSGYHB3EK7AWILAXYUSHI3A/ref=cm_cr_getr_d_gw_btm?ie=UTF8,2020-09-21 09:25:43.344274,2020-09-21 09:25:43.491648,Carhartt Men's Acrylic Watch Hat,Carhartt Sportswear - Mens,2,B002G9UDYG,AE7SSZYOT6UWUSBEJFS3K2RTRRTQ
931,AH6PVQOBZ7PYZB5AUN2TGUXFDIFQ,True,Excellent Toque!,"Fits large, great material.

Got it for my brother-in-law for Christmas and he loved it!","January 12, 2018",Shawn Vandersluis,5.0,0,https://www.amazon.ca/gp/profile/amzn1.account.AH6PVQOBZ7PYZB5AUN2TGUXFDIFQ/ref=cm_cr_getr_d_gw_btm?ie=UTF8,2020-09-21 09:25:43.496531,2020-09-21 09:25:43.643904,Carhartt Men's Acrylic Watch Hat,Carhartt Sportswear - Mens,2,B002G9UDYG,AE7SSZYOT6UWUSBEJFS3K2RTRRTQ
932,AF4YCI5VRKRMUQD53H3TU2MTWJPQ,True,Très serré,Sur la tête!,"December 25, 2019",Balboa,3.0,0,https://www.amazon.ca/gp/profile/amzn1.account.AF4YCI5VRKRMUQD53H3TU2MTWJPQ/ref=cm_cr_getr_d_gw_btm?ie=UTF8,2020-09-21 09:25:43.648786,2020-09-21 09:25:43.773713,Carhartt Men's Acrylic Watch Hat,Carhartt Sportswear - Mens,2,B002G9UDYG,AE7SSZYOT6UWUSBEJFS3K2RTRRTQ
933,AHYGADAWOOCX54MPI4YZVMIW6O4A,True,not good,Too small,"January 2, 2020",Amazon Customer,1.0,0,https://www.amazon.ca/gp/profile/amzn1.account.AHYGADAWOOCX54MPI4YZVMIW6O4A/ref=cm_cr_getr_d_gw_btm?ie=UTF8,2020-09-21 09:25:43.778594,2020-09-21 09:25:43.908400,Carhartt Men's Acrylic Watch Hat,Carhartt Sportswear - Mens,2,B002G9UDYG,AE7SSZYOT6UWUSBEJFS3K2RTRRTQ
934,AFPVF74IDZYCDJEPUSYQOUWHDHNQ,True,Nice hat,Nice and warm.,"December 4, 2019",Eric Ly,5.0,0,https://www.amazon.ca/gp/profile/amzn1.account.AFPVF74IDZYCDJEPUSYQOUWHDHNQ/ref=cm_cr_getr_d_gw_btm?ie=UTF8,2020-09-21 09:25:43.912304,2020-09-21 09:25:44.044063,Carhartt Men's Acrylic Watch Hat,Carhartt Sportswear - Mens,2,B002G9UDYG,AE7SSZYOT6UWUSBEJFS3K2RTRRTQ
935,AFVOFCBIGJSAHWIU2LDWDZFBZ7GA,True,Great quality,Description was accurate,"January 12, 2020",Lisa Dyck,4.0,0,https://www.amazon.ca/gp/profile/amzn1.account.AFVOFCBIGJSAHWIU2LDWDZFBZ7GA/ref=cm_cr_getr_d_gw_btm?ie=UTF8,2020-09-21 09:25:44.047968,2020-09-21 09:25:44.180704,Carhartt Men's Acrylic Watch Hat,Carhartt Sportswear - Mens,2,B002G9UDYG,AE7SSZYOT6UWUSBEJFS3K2RTRRTQ
936,AFHR3QGIXMEPYNLCBIF2MFTICPCA,True,Great hat,Great hat!! Got this for my wife for Christmas and she loves it! Nice and warm.,"January 7, 2019",Reginald Stevens,5.0,0,https://www.amazon.ca/gp/profile/amzn1.account.AFHR3QGIXMEPYNLCBIF2MFTICPCA/ref=cm_cr_getr_d_gw_btm?ie=UTF8,2020-09-21 09:25:44.185583,2020-09-21 09:25:44.316369,Carhartt Men's Acrylic Watch Hat,Carhartt Sportswear - Mens,2,B002G9UDYG,AE7SSZYOT6UWUSBEJFS3K2RTRRTQ
937,AEMW74VHVKVXBGMOA4RS2TYKSO6A,True,Very good,Parfait,"January 14, 2020",Annie St-Germain,5.0,0,https://www.amazon.ca/gp/profile/amzn1.account.AEMW74VHVKVXBGMOA4RS2TYKSO6A/ref=cm_cr_getr_d_gw_btm?ie=UTF8,2020-09-21 09:25:44.321247,2020-09-21 09:25:44.450078,Carhartt Men's Acrylic Watch Hat,Carhartt Sportswear - Mens,2,B002G9UDYG,AE7SSZYOT6UWUSBEJFS3K2RTRRTQ
938,AFTAHB4JCW3Y7D6EWHP5YESAKLTA,True,I wasn't home the driver didn't call me at all jus liver at my door unit,It was perfect,"September 21, 2019",Alireza Taherloo,5.0,0,https://www.amazon.ca/gp/profile/amzn1.account.AFTAHB4JCW3Y7D6EWHP5YESAKLTA/ref=cm_cr_getr_d_gw_btm?ie=UTF8,2020-09-21 09:25:44.453984,2020-09-21 09:25:44.588671,Carhartt Men's Acrylic Watch Hat,Carhartt Sportswear - Mens,2,B002G9UDYG,AE7SSZYOT6UWUSBEJFS3K2RTRRTQ
939,AHZERHTOCFKGUQV4RAW3RQMRIOIQ,True,Fits perfect! Bought two of these as Christmas gifts,"Fits perfect! Bought two of these as Christmas gifts, both my brother and my husband love em, great quality and fit.","February 19, 2018",Erin,5.0,0,https://www.amazon.ca/gp/profile/amzn1.account.AHZERHTOCFKGUQV4RAW3RQMRIOIQ/ref=cm_cr_getr_d_gw_btm?ie=UTF8,2020-09-21 09:25:44.592576,2020-09-21 09:25:44.738975,Carhartt Men's Acrylic Watch Hat,Carhartt Sportswear - Mens,2,B002G9UDYG,AE7SSZYOT6UWUSBEJFS3K2RTRRTQ
940,AHKP7BLKZM6KT7MYNS53WFBQJNBQ,True,thumbs up,exactly what you expect. comfy and warm,"January 7, 2020",Abbey brick,5.0,0,https://www.amazon.ca/gp/profile/amzn1.account.AHKP7BLKZM6KT7MYNS53WFBQJNBQ/ref=cm_cr_getr_d_gw_btm?ie=UTF8,2020-09-21 09:25:48.934002,2020-09-21 09:25:49.070641,Carhartt Men's Acrylic Watch Hat,Carhartt Sportswear - Mens,2,B002G9UDYG,AE7SSZYOT6UWUSBEJFS3K2RTRRTQ
941,AHCBPJJPEPRZZ5VKVSIJ2H5GRLIA,True,Great purchase,Great quality! Nice and warm.,"January 22, 2020",Amazon Customer,5.0,0,https://www.amazon.ca/gp/profile/amzn1.account.AHCBPJJPEPRZZ5VKVSIJ2H5GRLIA/ref=cm_cr_getr_d_gw_btm?ie=UTF8,2020-09-21 09:25:49.074544,2020-09-21 09:25:49.200448,Carhartt Men's Acrylic Watch Hat,Carhartt Sportswear - Mens,2,B002G9UDYG,AE7SSZYOT6UWUSBEJFS3K2RTRRTQ
942,AH2I3KD676DAOI3B6XTNBJFDTI6Q,True,Wrong Color,Appears navy green in photo came as brown,"February 17, 2019",Nerisse Cranmore,3.0,0,https://www.amazon.ca/gp/profile/amzn1.account.AH2I3KD676DAOI3B6XTNBJFDTI6Q/ref=cm_cr_getr_d_gw_btm?ie=UTF8,2020-09-21 09:25:49.205328,2020-09-21 09:25:49.332207,Carhartt Men's Acrylic Watch Hat,Carhartt Sportswear - Mens,2,B002G9UDYG,AE7SSZYOT6UWUSBEJFS3K2RTRRTQ
943,AG2EWKSUY33Y3GLJBZIIZJCUFAPA,True,Five Stars,It a touqe. No probs.,"February 16, 2018",Amazon Customer,5.0,0,https://www.amazon.ca/gp/profile/amzn1.account.AG2EWKSUY33Y3GLJBZIIZJCUFAPA/ref=cm_cr_getr_d_gw_btm?ie=UTF8,2020-09-21 09:25:49.336111,2020-09-21 09:25:49.464943,Carhartt Men's Acrylic Watch Hat,Carhartt Sportswear - Mens,2,B002G9UDYG,AE7SSZYOT6UWUSBEJFS3K2RTRRTQ
944,AF6KHSPIGTVBMHJ75SWRHNWX3FJA,True,Great Winter Hat,"Great for the winter, quality and the best part is you get a bogo deal when you get the brown one!","December 7, 2017",Michael Marfetan,5.0,0,https://www.amazon.ca/gp/profile/amzn1.account.AF6KHSPIGTVBMHJ75SWRHNWX3FJA/ref=cm_cr_getr_d_gw_btm?ie=UTF8,2020-09-21 09:25:49.469824,2020-09-21 09:25:49.594750,Carhartt Men's Acrylic Watch Hat,Carhartt Sportswear - Mens,2,B002G9UDYG,AE7SSZYOT6UWUSBEJFS3K2RTRRTQ
945,AFIYAEPOPHDEEAZUKAW5QVBSHQAA,True,Great product,Great hat good price point,"February 7, 2020",Emma,5.0,0,https://www.amazon.ca/gp/profile/amzn1.account.AFIYAEPOPHDEEAZUKAW5QVBSHQAA/ref=cm_cr_getr_d_gw_btm?ie=UTF8,2020-09-21 09:25:49.598655,2020-09-21 09:25:49.727487,Carhartt Men's Acrylic Watch Hat,Carhartt Sportswear - Mens,2,B002G9UDYG,AE7SSZYOT6UWUSBEJFS3K2RTRRTQ
946,AHN4FN7RH4FAWCEZIC2R6D7HIBRQ,True,Five Stars,Great quality fast shipping,"February 10, 2018",Amazon Customer,5.0,0,https://www.amazon.ca/gp/profile/amzn1.account.AHN4FN7RH4FAWCEZIC2R6D7HIBRQ/ref=cm_cr_getr_d_gw_btm?ie=UTF8,2020-09-21 09:25:49.732367,2020-09-21 09:25:49.862176,Carhartt Men's Acrylic Watch Hat,Carhartt Sportswear - Mens,2,B002G9UDYG,AE7SSZYOT6UWUSBEJFS3K2RTRRTQ
947,AH6UJOKCH3EVKC7SMEOZGODR5KXQ,True,Nice,Nice hat,"December 27, 2019",Tracy,5.0,0,https://www.amazon.ca/gp/profile/amzn1.account.AH6UJOKCH3EVKC7SMEOZGODR5KXQ/ref=cm_cr_getr_d_gw_btm?ie=UTF8,2020-09-21 09:25:49.867056,2020-09-21 09:25:49.994910,Carhartt Men's Acrylic Watch Hat,Carhartt Sportswear - Mens,2,B002G9UDYG,AE7SSZYOT6UWUSBEJFS3K2RTRRTQ
948,AGLNGFYVH3N2BVFAVLOW5Z6K56KQ,True,Cool,Great hat,"December 1, 2019",Oliva G,5.0,0,https://www.amazon.ca/gp/profile/amzn1.account.AGLNGFYVH3N2BVFAVLOW5Z6K56KQ/ref=cm_cr_getr_d_gw_btm?ie=UTF8,2020-09-21 09:25:49.999790,2020-09-21 09:25:50.136430,Carhartt Men's Acrylic Watch Hat,Carhartt Sportswear - Mens,2,B002G9UDYG,AE7SSZYOT6UWUSBEJFS3K2RTRRTQ
949,AHYCVNKQDM5LFTX6XV5S5S4ZF4TA,True,great purchase!,"great hat, wear it often","February 17, 2020",Heather,5.0,0,https://www.amazon.ca/gp/profile/amzn1.account.AHYCVNKQDM5LFTX6XV5S5S4ZF4TA/ref=cm_cr_getr_d_gw_btm?ie=UTF8,2020-09-21 09:25:50.140334,2020-09-21 09:25:50.276974,Carhartt Men's Acrylic Watch Hat,Carhartt Sportswear - Mens,2,B002G9UDYG,AE7SSZYOT6UWUSBEJFS3K2RTRRTQ
950,AGT66PHEZV2KDWGO7GOH2JLUIKVA,True,Perfect toque,Keeps my head nice and warm!,"November 30, 2018",Keith Blackman,5.0,0,https://www.amazon.ca/gp/profile/amzn1.account.AGT66PHEZV2KDWGO7GOH2JLUIKVA/ref=cm_cr_getr_d_gw_btm?ie=UTF8,2020-09-21 09:25:55.420775,2020-09-21 09:25:55.591573,Carhartt Men's Acrylic Watch Hat,Carhartt Sportswear - Mens,2,B002G9UDYG,AE7SSZYOT6UWUSBEJFS3K2RTRRTQ
951,AGMYTYWITVUSICSYJ34NRO2XHPNA,True,I have smaller head size fits nice and snug,My favorite winter hat,"November 27, 2018",Tyler Bushfield,5.0,0,https://www.amazon.ca/gp/profile/amzn1.account.AGMYTYWITVUSICSYJ34NRO2XHPNA/ref=cm_cr_getr_d_gw_btm?ie=UTF8,2020-09-21 09:25:55.595477,2020-09-21 09:25:55.723365,Carhartt Men's Acrylic Watch Hat,Carhartt Sportswear - Mens,2,B002G9UDYG,AE7SSZYOT6UWUSBEJFS3K2RTRRTQ
952,AEJVF3KIJJJ5HIRBE6E3VER53IRA,True,Not real.,This is not a Carharrt product. It's just a lame toque with a Carharrt patch sewn on.,"December 31, 2018",Amazon Customer,1.0,0,https://www.amazon.ca/gp/profile/amzn1.account.AEJVF3KIJJJ5HIRBE6E3VER53IRA/ref=cm_cr_getr_d_gw_btm?ie=UTF8,2020-09-21 09:25:55.727237,2020-09-21 09:25:55.855093,Carhartt Men's Acrylic Watch Hat,Carhartt Sportswear - Mens,2,B002G9UDYG,AE7SSZYOT6UWUSBEJFS3K2RTRRTQ
953,AHEN7M7L3763QPODKWLAY6DCT2KA,True,Very nice!,Loved it 😊,"January 25, 2020",Amazon Customer,5.0,0,https://www.amazon.ca/gp/profile/amzn1.account.AHEN7M7L3763QPODKWLAY6DCT2KA/ref=cm_cr_getr_d_gw_btm?ie=UTF8,2020-09-21 09:25:55.858997,2020-09-21 09:25:55.989805,Carhartt Men's Acrylic Watch Hat,Carhartt Sportswear - Mens,2,B002G9UDYG,AE7SSZYOT6UWUSBEJFS3K2RTRRTQ
954,AE67YUTPAEIKQU4OFNQKWTRBFGSQ,True,Better than I expected,I have a big head and fits perfect!,"September 27, 2018",Guillermo ,5.0,0,https://www.amazon.ca/gp/profile/amzn1.account.AE67YUTPAEIKQU4OFNQKWTRBFGSQ/ref=cm_cr_getr_d_gw_btm?ie=UTF8,2020-09-21 09:25:55.993684,2020-09-21 09:25:56.120565,Carhartt Men's Acrylic Watch Hat,Carhartt Sportswear - Mens,2,B002G9UDYG,AE7SSZYOT6UWUSBEJFS3K2RTRRTQ
955,AHZXU6UTHKDNWOQQQB3XLXP3FI2A,True,looks good,nice,"January 12, 2019",Amazon Customer,5.0,0,https://www.amazon.ca/gp/profile/amzn1.account.AHZXU6UTHKDNWOQQQB3XLXP3FI2A/ref=cm_cr_getr_d_gw_btm?ie=UTF8,2020-09-21 09:25:56.124468,2020-09-21 09:25:56.253301,Carhartt Men's Acrylic Watch Hat,Carhartt Sportswear - Mens,2,B002G9UDYG,AE7SSZYOT6UWUSBEJFS3K2RTRRTQ
956,AFUTRPYGZSBKZKP54BKWDTCTGDQQ,True,Carhartt hat,Nice colour,"March 21, 2020",Kass,5.0,0,https://www.amazon.ca/gp/profile/amzn1.account.AFUTRPYGZSBKZKP54BKWDTCTGDQQ/ref=cm_cr_getr_d_gw_btm?ie=UTF8,2020-09-21 09:25:56.258180,2020-09-21 09:25:56.384083,Carhartt Men's Acrylic Watch Hat,Carhartt Sportswear - Mens,2,B002G9UDYG,AE7SSZYOT6UWUSBEJFS3K2RTRRTQ
957,AHSQGPR5MMHAAROMQTEEVQQPNHPQ,True,Fits well,Love it,"February 4, 2019",Mimi,5.0,0,https://www.amazon.ca/gp/profile/amzn1.account.AHSQGPR5MMHAAROMQTEEVQQPNHPQ/ref=cm_cr_getr_d_gw_btm?ie=UTF8,2020-09-21 09:25:56.387989,2020-09-21 09:25:56.513914,Carhartt Men's Acrylic Watch Hat,Carhartt Sportswear - Mens,2,B002G9UDYG,AE7SSZYOT6UWUSBEJFS3K2RTRRTQ
958,AG3HKEJOEKYS7XK5KJ3D3I4UNYYA,True,Too large,"Way too huge, bought for my husband","November 14, 2019",Stephanie,1.0,0,https://www.amazon.ca/gp/profile/amzn1.account.AG3HKEJOEKYS7XK5KJ3D3I4UNYYA/ref=cm_cr_getr_d_gw_btm?ie=UTF8,2020-09-21 09:25:56.517795,2020-09-21 09:25:56.649580,Carhartt Men's Acrylic Watch Hat,Carhartt Sportswear - Mens,2,B002G9UDYG,AE7SSZYOT6UWUSBEJFS3K2RTRRTQ
959,AEUTQAAJY5EKHDY7YZOR6BTNR7NA,True,Great fit,Love this hat,"January 12, 2019",zane noseworthy,5.0,0,https://www.amazon.ca/gp/profile/amzn1.account.AEUTQAAJY5EKHDY7YZOR6BTNR7NA/ref=cm_cr_getr_d_gw_btm?ie=UTF8,2020-09-21 09:25:56.653460,2020-09-21 09:25:56.783267,Carhartt Men's Acrylic Watch Hat,Carhartt Sportswear - Mens,2,B002G9UDYG,AE7SSZYOT6UWUSBEJFS3K2RTRRTQ
960,AFCSSFF774PHCBYXNEQ33BEQVUJA,True,Love it,"Perfect fit, warm and love the colour.","November 30, 2018",Caroline,5.0,0,https://www.amazon.ca/gp/profile/amzn1.account.AFCSSFF774PHCBYXNEQ33BEQVUJA/ref=cm_cr_getr_d_gw_btm?ie=UTF8,2020-09-21 09:25:59.932022,2020-09-21 09:26:00.103796,Carhartt Men's Acrylic Watch Hat,Carhartt Sportswear - Mens,2,B002G9UDYG,AE7SSZYOT6UWUSBEJFS3K2RTRRTQ
961,AEKZ7HHC3N5SLOYM4P36JXQ2CG2Q,True,Nice and warm,Keep my head warm,"January 24, 2020",jeremy robinson,5.0,0,https://www.amazon.ca/gp/profile/amzn1.account.AEKZ7HHC3N5SLOYM4P36JXQ2CG2Q/ref=cm_cr_getr_d_gw_btm?ie=UTF8,2020-09-21 09:26:00.107701,2020-09-21 09:26:00.233604,Carhartt Men's Acrylic Watch Hat,Carhartt Sportswear - Mens,2,B002G9UDYG,AE7SSZYOT6UWUSBEJFS3K2RTRRTQ
962,AECVZAVVWAGPEOLVKDV6WLKB22NA,True,Can Never Go Wrong with Carhartt,Amazing Quality!!,"March 6, 2020",Maryanne Hernandez,5.0,0,https://www.amazon.ca/gp/profile/amzn1.account.AECVZAVVWAGPEOLVKDV6WLKB22NA/ref=cm_cr_getr_d_gw_btm?ie=UTF8,2020-09-21 09:26:00.237508,2020-09-21 09:26:00.360515,Carhartt Men's Acrylic Watch Hat,Carhartt Sportswear - Mens,2,B002G9UDYG,AE7SSZYOT6UWUSBEJFS3K2RTRRTQ
963,AEJURYHCTDATV23XAVENFSZAI73Q,True,Buttery,It smells like butter and i love butter,"December 7, 2019",Kody,4.0,0,https://www.amazon.ca/gp/profile/amzn1.account.AEJURYHCTDATV23XAVENFSZAI73Q/ref=cm_cr_getr_d_gw_btm?ie=UTF8,2020-09-21 09:26:00.365395,2020-09-21 09:26:00.492275,Carhartt Men's Acrylic Watch Hat,Carhartt Sportswear - Mens,2,B002G9UDYG,AE7SSZYOT6UWUSBEJFS3K2RTRRTQ
964,AFSGYSBPTVWQN63PDDB2IAHQBDUA,True,it still fit nicely for me (a woman),"Arrived quickly and was exactly what I wanted. Even though its a men's hat, it still fit nicely for me (a woman)","November 23, 2017",Vanessa,5.0,0,https://www.amazon.ca/gp/profile/amzn1.account.AFSGYSBPTVWQN63PDDB2IAHQBDUA/ref=cm_cr_getr_d_gw_btm?ie=UTF8,2020-09-21 09:26:00.496179,2020-09-21 09:26:00.618178,Carhartt Men's Acrylic Watch Hat,Carhartt Sportswear - Mens,2,B002G9UDYG,AE7SSZYOT6UWUSBEJFS3K2RTRRTQ
965,AG5JGIQZGTPPJJ3CBQMA4RG4SSNQ,True,Good quality,Love the color and the fit,"November 10, 2019",rosalie,5.0,0,https://www.amazon.ca/gp/profile/amzn1.account.AG5JGIQZGTPPJJ3CBQMA4RG4SSNQ/ref=cm_cr_getr_d_gw_btm?ie=UTF8,2020-09-21 09:26:00.622083,2020-09-21 09:26:00.748010,Carhartt Men's Acrylic Watch Hat,Carhartt Sportswear - Mens,2,B002G9UDYG,AE7SSZYOT6UWUSBEJFS3K2RTRRTQ
966,AH25QV6H4PWULBA3IABDRAV4UGTQ,True,Very satisfied,Nice product. Great price. Quick delivery.,"December 29, 2018",H,5.0,0,https://www.amazon.ca/gp/profile/amzn1.account.AH25QV6H4PWULBA3IABDRAV4UGTQ/ref=cm_cr_getr_d_gw_btm?ie=UTF8,2020-09-21 09:26:00.751890,2020-09-21 09:26:00.882698,Carhartt Men's Acrylic Watch Hat,Carhartt Sportswear - Mens,2,B002G9UDYG,AE7SSZYOT6UWUSBEJFS3K2RTRRTQ
967,AFQIGKR23TNS5VBCUAZOZPUWRBKQ,True,Five Stars,Excellent quality. Very happy with this purchase; would buy again!,"November 19, 2017",Amazon Customer,5.0,0,https://www.amazon.ca/gp/profile/amzn1.account.AFQIGKR23TNS5VBCUAZOZPUWRBKQ/ref=cm_cr_getr_d_gw_btm?ie=UTF8,2020-09-21 09:26:00.886577,2020-09-21 09:26:01.016443,Carhartt Men's Acrylic Watch Hat,Carhartt Sportswear - Mens,2,B002G9UDYG,AE7SSZYOT6UWUSBEJFS3K2RTRRTQ
968,AFLLLENXUYGHRV3KZXBSDC7GPSMA,True,I bought Sea Glass and it's a perfect light teal blue,"Fits perfectly, colour exactly as it shows. I bought Sea Glass and it's a perfect light teal blue.","March 8, 2018",Grace,5.0,0,https://www.amazon.ca/gp/profile/amzn1.account.AFLLLENXUYGHRV3KZXBSDC7GPSMA/ref=cm_cr_getr_d_gw_btm?ie=UTF8,2020-09-21 09:26:01.020320,2020-09-21 09:26:01.148174,Carhartt Men's Acrylic Watch Hat,Carhartt Sportswear - Mens,2,B002G9UDYG,AE7SSZYOT6UWUSBEJFS3K2RTRRTQ
969,AGKA4HFMMZTUNMVITEZCLX5C2JFA,True,Warm but breathable material.,Quick shipping. Good quality.,"December 18, 2018",Michael ,5.0,0,https://www.amazon.ca/gp/profile/amzn1.account.AGKA4HFMMZTUNMVITEZCLX5C2JFA/ref=cm_cr_getr_d_gw_btm?ie=UTF8,2020-09-21 09:26:01.152078,2020-09-21 09:26:01.279934,Carhartt Men's Acrylic Watch Hat,Carhartt Sportswear - Mens,2,B002G9UDYG,AE7SSZYOT6UWUSBEJFS3K2RTRRTQ
970,AERYLNK2SVYE5CRSRSCZEQPCHX5Q,True,Love,This touqe is SO CUTE! great quality and great price :),"January 13, 2019",Alisha Suderman,5.0,0,https://www.amazon.ca/gp/profile/amzn1.account.AERYLNK2SVYE5CRSRSCZEQPCHX5Q/ref=cm_cr_getr_d_gw_btm?ie=UTF8,2020-09-21 09:26:06.422850,2020-09-21 09:26:06.595554,Carhartt Men's Acrylic Watch Hat,Carhartt Sportswear - Mens,2,B002G9UDYG,AE7SSZYOT6UWUSBEJFS3K2RTRRTQ
971,AHYBKKJCWTNPHWMVPMWQTMEWAPOA,True,Wrong colour,Came in the wrong colour and is big,"December 23, 2019",Cassy,1.0,0,https://www.amazon.ca/gp/profile/amzn1.account.AHYBKKJCWTNPHWMVPMWQTMEWAPOA/ref=cm_cr_getr_d_gw_btm?ie=UTF8,2020-09-21 09:26:06.599457,2020-09-21 09:26:06.723409,Carhartt Men's Acrylic Watch Hat,Carhartt Sportswear - Mens,2,B002G9UDYG,AE7SSZYOT6UWUSBEJFS3K2RTRRTQ
972,AGC7OJEEHZPNVRIFYKNSCMR62G3A,True,Wow,Love it. Very comfortable,"January 7, 2020",Amazon Customer,5.0,0,https://www.amazon.ca/gp/profile/amzn1.account.AGC7OJEEHZPNVRIFYKNSCMR62G3A/ref=cm_cr_getr_d_gw_btm?ie=UTF8,2020-09-21 09:26:06.727315,2020-09-21 09:26:06.857120,Carhartt Men's Acrylic Watch Hat,Carhartt Sportswear - Mens,2,B002G9UDYG,AE7SSZYOT6UWUSBEJFS3K2RTRRTQ
973,AFLMVF4LHEHRLEVQNAS5FFMBJA6Q,True,Cozy,Cozy and good quality,"December 8, 2018",Dani G,5.0,0,https://www.amazon.ca/gp/profile/amzn1.account.AFLMVF4LHEHRLEVQNAS5FFMBJA6Q/ref=cm_cr_getr_d_gw_btm?ie=UTF8,2020-09-21 09:26:06.861024,2020-09-21 09:26:06.991808,Carhartt Men's Acrylic Watch Hat,Carhartt Sportswear - Mens,2,B002G9UDYG,AE7SSZYOT6UWUSBEJFS3K2RTRRTQ
974,AHGW3YIM5C565HXBN3M5YFLTN6JQ,True,Fits perfectly,I like that I can wear my hair in a bun and the hat still fits and covers my ears.,"December 4, 2018",Laura Grant,5.0,0,https://www.amazon.ca/gp/profile/amzn1.account.AHGW3YIM5C565HXBN3M5YFLTN6JQ/ref=cm_cr_getr_d_gw_btm?ie=UTF8,2020-09-21 09:26:06.996688,2020-09-21 09:26:07.121616,Carhartt Men's Acrylic Watch Hat,Carhartt Sportswear - Mens,2,B002G9UDYG,AE7SSZYOT6UWUSBEJFS3K2RTRRTQ
975,AHLT33IJO2ASMU2DKK7TXS4JXZNA,True,Great,Great,"May 20, 2020",Diana T,5.0,0,https://www.amazon.ca/gp/profile/amzn1.account.AHLT33IJO2ASMU2DKK7TXS4JXZNA/ref=cm_cr_getr_d_gw_btm?ie=UTF8,2020-09-21 09:26:07.125520,2020-09-21 09:26:07.252433,Carhartt Men's Acrylic Watch Hat,Carhartt Sportswear - Mens,2,B002G9UDYG,AE7SSZYOT6UWUSBEJFS3K2RTRRTQ
976,AHXD33IYZCPWWBWZTQI5RX2OCYWQ,True,fits great and looks awesome on him,"my boyfriend loves it, fits great and looks awesome on him!","January 11, 2018",Tanya B.,5.0,0,https://www.amazon.ca/gp/profile/amzn1.account.AHXD33IYZCPWWBWZTQI5RX2OCYWQ/ref=cm_cr_getr_d_gw_btm?ie=UTF8,2020-09-21 09:26:07.256337,2020-09-21 09:26:07.382250,Carhartt Men's Acrylic Watch Hat,Carhartt Sportswear - Mens,2,B002G9UDYG,AE7SSZYOT6UWUSBEJFS3K2RTRRTQ
977,AG6UIG5V4S3QN2U2LHZR345UULEQ,True,Authentic Carhartt,Really happy with this purchase!,"January 4, 2020",Alexa,5.0,0,https://www.amazon.ca/gp/profile/amzn1.account.AG6UIG5V4S3QN2U2LHZR345UULEQ/ref=cm_cr_getr_d_gw_btm?ie=UTF8,2020-09-21 09:26:07.386154,2020-09-21 09:26:07.508154,Carhartt Men's Acrylic Watch Hat,Carhartt Sportswear - Mens,2,B002G9UDYG,AE7SSZYOT6UWUSBEJFS3K2RTRRTQ
978,AHXI2RIWTHRAKNNMTT7KVRBC5GMQ,True,The hat performed it’s hat job as a hat should,"I work outside and this hat fits well, it’s warm, and looks great!","February 10, 2019",monica maloney,5.0,0,https://www.amazon.ca/gp/profile/amzn1.account.AHXI2RIWTHRAKNNMTT7KVRBC5GMQ/ref=cm_cr_getr_d_gw_btm?ie=UTF8,2020-09-21 09:26:07.513033,2020-09-21 09:26:07.636009,Carhartt Men's Acrylic Watch Hat,Carhartt Sportswear - Mens,2,B002G9UDYG,AE7SSZYOT6UWUSBEJFS3K2RTRRTQ
979,AEYLQG3OCMY6RAHTECWAEA5S3U5Q,True,Perfect for hunting,Stylish and comfortable,"December 20, 2019",Skylar,5.0,0,https://www.amazon.ca/gp/profile/amzn1.account.AEYLQG3OCMY6RAHTECWAEA5S3U5Q/ref=cm_cr_getr_d_gw_btm?ie=UTF8,2020-09-21 09:26:07.640889,2020-09-21 09:26:07.770737,Carhartt Men's Acrylic Watch Hat,Carhartt Sportswear - Mens,2,B002G9UDYG,AE7SSZYOT6UWUSBEJFS3K2RTRRTQ
980,AEH6LDYL7O5DJZMI7XJEVSOM5G3A,True,Great toque,Hubby loves this toque !,"December 28, 2019",Paige,5.0,0,https://www.amazon.ca/gp/profile/amzn1.account.AEH6LDYL7O5DJZMI7XJEVSOM5G3A/ref=cm_cr_getr_d_gw_btm?ie=UTF8,2020-09-21 09:26:11.893377,2020-09-21 09:26:12.025137,Carhartt Men's Acrylic Watch Hat,Carhartt Sportswear - Mens,2,B002G9UDYG,AE7SSZYOT6UWUSBEJFS3K2RTRRTQ
981,AECI3I6G6AUEEJMNUAEFZK6NA2YA,True,Not Made in USA,Made in Taiwan?,"November 5, 2019",Olivier,1.0,0,https://www.amazon.ca/gp/profile/amzn1.account.AECI3I6G6AUEEJMNUAEFZK6NA2YA/ref=cm_cr_getr_d_gw_btm?ie=UTF8,2020-09-21 09:26:12.030993,2020-09-21 09:26:12.168609,Carhartt Men's Acrylic Watch Hat,Carhartt Sportswear - Mens,2,B002G9UDYG,AE7SSZYOT6UWUSBEJFS3K2RTRRTQ
982,AEZCX6RTSJMTPN55DFUMQC7X6K7A,True,Happy customer,Love the hat!,"January 17, 2020",Erica,5.0,0,https://www.amazon.ca/gp/profile/amzn1.account.AEZCX6RTSJMTPN55DFUMQC7X6K7A/ref=cm_cr_getr_d_gw_btm?ie=UTF8,2020-09-21 09:26:12.173488,2020-09-21 09:26:12.304272,Carhartt Men's Acrylic Watch Hat,Carhartt Sportswear - Mens,2,B002G9UDYG,AE7SSZYOT6UWUSBEJFS3K2RTRRTQ
983,AEHILYRDK576OXL5KC2EDIETLPWQ,True,"Awesome purchase, I’ve gotten two",Love this hat!!,"November 2, 2019",Morgan,5.0,0,https://www.amazon.ca/gp/profile/amzn1.account.AEHILYRDK576OXL5KC2EDIETLPWQ/ref=cm_cr_getr_d_gw_btm?ie=UTF8,2020-09-21 09:26:12.308175,2020-09-21 09:26:12.442905,Carhartt Men's Acrylic Watch Hat,Carhartt Sportswear - Mens,2,B002G9UDYG,AE7SSZYOT6UWUSBEJFS3K2RTRRTQ
984,AHQHEBXJENUE5UMBC5JL4KEZ5DGA,True,Great,Fit good,"December 7, 2019",Amazon Customer,5.0,0,https://www.amazon.ca/gp/profile/amzn1.account.AHQHEBXJENUE5UMBC5JL4KEZ5DGA/ref=cm_cr_getr_d_gw_btm?ie=UTF8,2020-09-21 09:26:12.448762,2020-09-21 09:26:12.581496,Carhartt Men's Acrylic Watch Hat,Carhartt Sportswear - Mens,2,B002G9UDYG,AE7SSZYOT6UWUSBEJFS3K2RTRRTQ
985,AHA3O4OJJTTNXRN24XS75YAL5N3Q,True,Loved it.,headline says it all.,"November 9, 2019",John Sauvey,5.0,0,https://www.amazon.ca/gp/profile/amzn1.account.AHA3O4OJJTTNXRN24XS75YAL5N3Q/ref=cm_cr_getr_d_gw_btm?ie=UTF8,2020-09-21 09:26:12.586377,2020-09-21 09:26:12.727897,Carhartt Men's Acrylic Watch Hat,Carhartt Sportswear - Mens,2,B002G9UDYG,AE7SSZYOT6UWUSBEJFS3K2RTRRTQ
986,AG4JPFJQS2YBTAF7VMK3X5FPEWHA,True,It's a good fit,Perfect son loves it,"December 29, 2019",Margaret Barnhill,5.0,0,https://www.amazon.ca/gp/profile/amzn1.account.AG4JPFJQS2YBTAF7VMK3X5FPEWHA/ref=cm_cr_getr_d_gw_btm?ie=UTF8,2020-09-21 09:26:12.732777,2020-09-21 09:26:12.883116,Carhartt Men's Acrylic Watch Hat,Carhartt Sportswear - Mens,2,B002G9UDYG,AE7SSZYOT6UWUSBEJFS3K2RTRRTQ
987,AFTEEQHUGJQLO6Y3WMYR7ICCUUOA,True,Amazing,This is amazing warm and on trend,"December 7, 2019",Tyrone,5.0,0,https://www.amazon.ca/gp/profile/amzn1.account.AFTEEQHUGJQLO6Y3WMYR7ICCUUOA/ref=cm_cr_getr_d_gw_btm?ie=UTF8,2020-09-21 09:26:12.887021,2020-09-21 09:26:13.033420,Carhartt Men's Acrylic Watch Hat,Carhartt Sportswear - Mens,2,B002G9UDYG,AE7SSZYOT6UWUSBEJFS3K2RTRRTQ
988,AHSLJJVUADXIYSK35H2KA34J6P6A,True,Awesome,I bought this for my 14yrs old & she loved it.,"November 29, 2018",VG,5.0,0,https://www.amazon.ca/gp/profile/amzn1.account.AHSLJJVUADXIYSK35H2KA34J6P6A/ref=cm_cr_getr_d_gw_btm?ie=UTF8,2020-09-21 09:26:13.038300,2020-09-21 09:26:13.157371,Carhartt Men's Acrylic Watch Hat,Carhartt Sportswear - Mens,2,B002G9UDYG,AE7SSZYOT6UWUSBEJFS3K2RTRRTQ
989,AHV3JRSG7LKRKGZM4NXIT2PQ7BDQ,True,Nice hat,Nice product,"January 4, 2020",D,5.0,0,https://www.amazon.ca/gp/profile/amzn1.account.AHV3JRSG7LKRKGZM4NXIT2PQ7BDQ/ref=cm_cr_getr_d_gw_btm?ie=UTF8,2020-09-21 09:26:13.162254,2020-09-21 09:26:13.292060,Carhartt Men's Acrylic Watch Hat,Carhartt Sportswear - Mens,2,B002G9UDYG,AE7SSZYOT6UWUSBEJFS3K2RTRRTQ
990,AHHPGDJLPSYYMVS34ROESOYCWS5Q,True,Nice,It’s a nice binnie,"November 19, 2019",Dikshant Dev Minhas,4.0,0,https://www.amazon.ca/gp/profile/amzn1.account.AHHPGDJLPSYYMVS34ROESOYCWS5Q/ref=cm_cr_getr_d_gw_btm?ie=UTF8,2020-09-21 09:26:18.445793,2020-09-21 09:26:18.593167,Carhartt Men's Acrylic Watch Hat,Carhartt Sportswear - Mens,2,B002G9UDYG,AE7SSZYOT6UWUSBEJFS3K2RTRRTQ
991,AFIAJG767VCLZTDBEMAACHUDJ3VA,True,Nice,Good fit.,"September 30, 2019",Amazon Customer,5.0,0,https://www.amazon.ca/gp/profile/amzn1.account.AFIAJG767VCLZTDBEMAACHUDJ3VA/ref=cm_cr_getr_d_gw_btm?ie=UTF8,2020-09-21 09:26:18.597071,2020-09-21 09:26:18.722975,Carhartt Men's Acrylic Watch Hat,Carhartt Sportswear - Mens,2,B002G9UDYG,AE7SSZYOT6UWUSBEJFS3K2RTRRTQ
992,AF4DXJDSHGO7A3M55SZDF4DR6WPA,True,"Nice, fits small.","Nice hat, fits tight! And I have a smell head.","April 11, 2019",sarah litke,3.0,0,https://www.amazon.ca/gp/profile/amzn1.account.AF4DXJDSHGO7A3M55SZDF4DR6WPA/ref=cm_cr_getr_d_gw_btm?ie=UTF8,2020-09-21 09:26:18.726879,2020-09-21 09:26:18.852783,Carhartt Men's Acrylic Watch Hat,Carhartt Sportswear - Mens,2,B002G9UDYG,AE7SSZYOT6UWUSBEJFS3K2RTRRTQ
993,AEBIQF7NDJ6DEREZHDZ6HRW3SDKA,True,Love it,Great product,"February 22, 2020",Joel N,5.0,0,https://www.amazon.ca/gp/profile/amzn1.account.AEBIQF7NDJ6DEREZHDZ6HRW3SDKA/ref=cm_cr_getr_d_gw_btm?ie=UTF8,2020-09-21 09:26:18.856686,2020-09-21 09:26:18.984543,Carhartt Men's Acrylic Watch Hat,Carhartt Sportswear - Mens,2,B002G9UDYG,AE7SSZYOT6UWUSBEJFS3K2RTRRTQ
994,AGFQPDYLWIMD5CIVIG7QXBSF2C6Q,True,Good job at keeping head warm,Used for keeping head warm... it works,"February 4, 2019",Amazon Customer,5.0,0,https://www.amazon.ca/gp/profile/amzn1.account.AGFQPDYLWIMD5CIVIG7QXBSF2C6Q/ref=cm_cr_getr_d_gw_btm?ie=UTF8,2020-09-21 09:26:18.989423,2020-09-21 09:26:19.116302,Carhartt Men's Acrylic Watch Hat,Carhartt Sportswear - Mens,2,B002G9UDYG,AE7SSZYOT6UWUSBEJFS3K2RTRRTQ
995,AEINERGDFWA5WJULP3BNI6KG5XMQ,True,WoW,Tuque chaude de couleur non genré,"January 14, 2019",Dionne Christian,5.0,0,https://www.amazon.ca/gp/profile/amzn1.account.AEINERGDFWA5WJULP3BNI6KG5XMQ/ref=cm_cr_getr_d_gw_btm?ie=UTF8,2020-09-21 09:26:19.121183,2020-09-21 09:26:19.248061,Carhartt Men's Acrylic Watch Hat,Carhartt Sportswear - Mens,2,B002G9UDYG,AE7SSZYOT6UWUSBEJFS3K2RTRRTQ
996,AF2JI3DS4VJ5QFDBZXFX4GAZVDCA,True,Love,Perfect fit form everything!,"October 23, 2019",Krysten Suddes,5.0,0,https://www.amazon.ca/gp/profile/amzn1.account.AF2JI3DS4VJ5QFDBZXFX4GAZVDCA/ref=cm_cr_getr_d_gw_btm?ie=UTF8,2020-09-21 09:26:19.251965,2020-09-21 09:26:19.378846,Carhartt Men's Acrylic Watch Hat,Carhartt Sportswear - Mens,2,B002G9UDYG,AE7SSZYOT6UWUSBEJFS3K2RTRRTQ
997,AGU6M4S5I4WMQAEGJ2AL64V6ZERA,True,Fits well,Great material and fits as expected.,"October 21, 2019",Mitch,5.0,0,https://www.amazon.ca/gp/profile/amzn1.account.AGU6M4S5I4WMQAEGJ2AL64V6ZERA/ref=cm_cr_getr_d_gw_btm?ie=UTF8,2020-09-21 09:26:19.381773,2020-09-21 09:26:19.508652,Carhartt Men's Acrylic Watch Hat,Carhartt Sportswear - Mens,2,B002G9UDYG,AE7SSZYOT6UWUSBEJFS3K2RTRRTQ
998,AFQUIRHYWQZYMTPGANLIEGVAZDWA,True,But overall love it. Would definitely buy again,Fits a little snug. But overall love it. Would definitely buy again.,"May 11, 2018",natalee,5.0,0,https://www.amazon.ca/gp/profile/amzn1.account.AFQUIRHYWQZYMTPGANLIEGVAZDWA/ref=cm_cr_getr_d_gw_btm?ie=UTF8,2020-09-21 09:26:19.513558,2020-09-21 09:26:19.639437,Carhartt Men's Acrylic Watch Hat,Carhartt Sportswear - Mens,2,B002G9UDYG,AE7SSZYOT6UWUSBEJFS3K2RTRRTQ
999,AHRPGXLTBZI4KPD7CZONQNYWWG7Q,True,Super warm,I really like this hat. It's super warm,"January 15, 2019",Rachael,5.0,0,https://www.amazon.ca/gp/profile/amzn1.account.AHRPGXLTBZI4KPD7CZONQNYWWG7Q/ref=cm_cr_getr_d_gw_btm?ie=UTF8,2020-09-21 09:26:19.644317,2020-09-21 09:26:19.779009,Carhartt Men's Acrylic Watch Hat,Carhartt Sportswear - Mens,2,B002G9UDYG,AE7SSZYOT6UWUSBEJFS3K2RTRRTQ
1000,AHNLHWX3UX5JMHE55WQAYHPMGRBQ,True,Super good fabric,The only touque that doesn't make my head itchy,"November 10, 2018",bretton,5.0,0,https://www.amazon.ca/gp/profile/amzn1.account.AHNLHWX3UX5JMHE55WQAYHPMGRBQ/ref=cm_cr_getr_d_gw_btm?ie=UTF8,2020-09-21 09:26:21.925224,2020-09-21 09:26:22.074551,Carhartt Men's Acrylic Watch Hat,Carhartt Sportswear - Mens,2,B002G9UDYG,AE7SSZYOT6UWUSBEJFS3K2RTRRTQ
1001,AHRR4A2Z6KLAEKVL3HFCAO327LIA,True,Amazing,All was great,"February 5, 2020",APOSTOLOS ZINDROS,5.0,0,https://www.amazon.ca/gp/profile/amzn1.account.AHRR4A2Z6KLAEKVL3HFCAO327LIA/ref=cm_cr_getr_d_gw_btm?ie=UTF8,2020-09-21 09:26:22.079431,2020-09-21 09:26:22.204384,Carhartt Men's Acrylic Watch Hat,Carhartt Sportswear - Mens,2,B002G9UDYG,AE7SSZYOT6UWUSBEJFS3K2RTRRTQ
1002,AH2LI67KIT3YM4Z6AEDKEV3K74NQ,True,Nice looking hat ; but poor fit,Poor fit,"March 15, 2019",Jeffrey,3.0,0,https://www.amazon.ca/gp/profile/amzn1.account.AH2LI67KIT3YM4Z6AEDKEV3K74NQ/ref=cm_cr_getr_d_gw_btm?ie=UTF8,2020-09-21 09:26:22.208264,2020-09-21 09:26:22.334167,Carhartt Men's Acrylic Watch Hat,Carhartt Sportswear - Mens,2,B002G9UDYG,AE7SSZYOT6UWUSBEJFS3K2RTRRTQ
1003,AEBSGXVMARXTIXUP7ORPPM7LY66Q,True,Pas tel que décrit,Qualité médiocre,"November 16, 2018",Jacinthe Labarre,1.0,0,https://www.amazon.ca/gp/profile/amzn1.account.AEBSGXVMARXTIXUP7ORPPM7LY66Q/ref=cm_cr_getr_d_gw_btm?ie=UTF8,2020-09-21 09:26:22.339047,2020-09-21 09:26:22.470807,Carhartt Men's Acrylic Watch Hat,Carhartt Sportswear - Mens,2,B002G9UDYG,AE7SSZYOT6UWUSBEJFS3K2RTRRTQ
1004,AE7YNS3AH4IBNTKWZQFHPILRYWYA,True,Y,Like,"December 5, 2019",Bradylonsbary,1.0,0,https://www.amazon.ca/gp/profile/amzn1.account.AE7YNS3AH4IBNTKWZQFHPILRYWYA/ref=cm_cr_getr_d_gw_btm?ie=UTF8,2020-09-21 09:26:22.474710,2020-09-21 09:26:22.605494,Carhartt Men's Acrylic Watch Hat,Carhartt Sportswear - Mens,2,B002G9UDYG,AE7SSZYOT6UWUSBEJFS3K2RTRRTQ
1005,AE5HBGOIQOCJBPGLBL4LI3AABYIA,True,Exactly As Expected,It was exactly as expected,"December 13, 2019",Adam,5.0,0,https://www.amazon.ca/gp/profile/amzn1.account.AE5HBGOIQOCJBPGLBL4LI3AABYIA/ref=cm_cr_getr_d_gw_btm?ie=UTF8,2020-09-21 09:26:22.609398,2020-09-21 09:26:22.744125,Carhartt Men's Acrylic Watch Hat,Carhartt Sportswear - Mens,2,B002G9UDYG,AE7SSZYOT6UWUSBEJFS3K2RTRRTQ
1006,AE3O2DRKOUVMNG3QDKWCXEXP3E4A,True,Good quality,A bit bigger than expected but a very good quality,"January 26, 2019",Jamil,4.0,0,https://www.amazon.ca/gp/profile/amzn1.account.AE3O2DRKOUVMNG3QDKWCXEXP3E4A/ref=cm_cr_getr_d_gw_btm?ie=UTF8,2020-09-21 09:26:22.749005,2020-09-21 09:26:22.884693,Carhartt Men's Acrylic Watch Hat,Carhartt Sportswear - Mens,2,B002G9UDYG,AE7SSZYOT6UWUSBEJFS3K2RTRRTQ
1007,AFFP2Z5GJQWIF7NRY4HR5GZY7SAA,True,Hunters orange,Good to go,"December 4, 2018",Kevin Gorr,5.0,0,https://www.amazon.ca/gp/profile/amzn1.account.AFFP2Z5GJQWIF7NRY4HR5GZY7SAA/ref=cm_cr_getr_d_gw_btm?ie=UTF8,2020-09-21 09:26:22.888572,2020-09-21 09:26:23.021330,Carhartt Men's Acrylic Watch Hat,Carhartt Sportswear - Mens,2,B002G9UDYG,AE7SSZYOT6UWUSBEJFS3K2RTRRTQ
1008,AFGHTYWCJATGV2QG4UJBF4LYE6AA,True,Excellent item,"Great item, great price","December 27, 2019",Felicia,5.0,0,https://www.amazon.ca/gp/profile/amzn1.account.AFGHTYWCJATGV2QG4UJBF4LYE6AA/ref=cm_cr_getr_d_gw_btm?ie=UTF8,2020-09-21 09:26:23.027188,2020-09-21 09:26:23.161874,Carhartt Men's Acrylic Watch Hat,Carhartt Sportswear - Mens,2,B002G9UDYG,AE7SSZYOT6UWUSBEJFS3K2RTRRTQ
1009,AGN2BLKJYVYKGJCN6R6G4DRRJQXA,True,Comfy,So comfortable.,"November 6, 2018",Keith Bennett,5.0,0,https://www.amazon.ca/gp/profile/amzn1.account.AGN2BLKJYVYKGJCN6R6G4DRRJQXA/ref=cm_cr_getr_d_gw_btm?ie=UTF8,2020-09-21 09:26:23.166780,2020-09-21 09:26:23.299489,Carhartt Men's Acrylic Watch Hat,Carhartt Sportswear - Mens,2,B002G9UDYG,AE7SSZYOT6UWUSBEJFS3K2RTRRTQ
1010,AHVJCDPRTGQND4ELGCCPDT6LOLIQ,True,Best,Vrai tuque carhartt,"January 23, 2020",Amazon Customer,5.0,0,https://www.amazon.ca/gp/profile/amzn1.account.AHVJCDPRTGQND4ELGCCPDT6LOLIQ/ref=cm_cr_getr_d_gw_btm?ie=UTF8,2020-09-21 09:26:29.430940,2020-09-21 09:26:29.554921,Carhartt Men's Acrylic Watch Hat,Carhartt Sportswear - Mens,2,B002G9UDYG,AE7SSZYOT6UWUSBEJFS3K2RTRRTQ
1011,AFAXDMHPBH227CLOPXXD6ZVA2Z7Q,True,Love Amazon,Love the color,"February 2, 2020",Natasha,5.0,0,https://www.amazon.ca/gp/profile/amzn1.account.AFAXDMHPBH227CLOPXXD6ZVA2Z7Q/ref=cm_cr_getr_d_gw_btm?ie=UTF8,2020-09-21 09:26:29.559801,2020-09-21 09:26:29.682808,Carhartt Men's Acrylic Watch Hat,Carhartt Sportswear - Mens,2,B002G9UDYG,AE7SSZYOT6UWUSBEJFS3K2RTRRTQ
1012,AF3NXRU6AYVTA2WSDWJD6AJM74LQ,True,Buy them all the time!,Love it,"February 8, 2020",Rebecca,5.0,0,https://www.amazon.ca/gp/profile/amzn1.account.AF3NXRU6AYVTA2WSDWJD6AJM74LQ/ref=cm_cr_getr_d_gw_btm?ie=UTF8,2020-09-21 09:26:29.686712,2020-09-21 09:26:29.809688,Carhartt Men's Acrylic Watch Hat,Carhartt Sportswear - Mens,2,B002G9UDYG,AE7SSZYOT6UWUSBEJFS3K2RTRRTQ
1013,AEVLET5TPCHJ2GEJ2CL6MREQDY6A,True,So cute,Love this beanie! super warm and cozy,"February 14, 2019",EliseNelson,5.0,0,https://www.amazon.ca/gp/profile/amzn1.account.AEVLET5TPCHJ2GEJ2CL6MREQDY6A/ref=cm_cr_getr_d_gw_btm?ie=UTF8,2020-09-21 09:26:29.813591,2020-09-21 09:26:29.936608,Carhartt Men's Acrylic Watch Hat,Carhartt Sportswear - Mens,2,B002G9UDYG,AE7SSZYOT6UWUSBEJFS3K2RTRRTQ
1014,AH73IX6UMBLUIWCIXQ5FH6BDKZQA,True,Really comfortable and warm!,"As expected, not a knockoff and very soft comfortable and warm.","January 26, 2019",Nick,5.0,0,https://www.amazon.ca/gp/profile/amzn1.account.AH73IX6UMBLUIWCIXQ5FH6BDKZQA/ref=cm_cr_getr_d_gw_btm?ie=UTF8,2020-09-21 09:26:29.941488,2020-09-21 09:26:30.063519,Carhartt Men's Acrylic Watch Hat,Carhartt Sportswear - Mens,2,B002G9UDYG,AE7SSZYOT6UWUSBEJFS3K2RTRRTQ
1015,AFQYVZ5QECPQSKCER43IEWAIAKVA,True,Bonne qualité,Tel qu’annoncé. Bonne qualité,"April 17, 2019",Félicia pilon,5.0,0,https://www.amazon.ca/gp/profile/amzn1.account.AFQYVZ5QECPQSKCER43IEWAIAKVA/ref=cm_cr_getr_d_gw_btm?ie=UTF8,2020-09-21 09:26:30.067422,2020-09-21 09:26:30.193375,Carhartt Men's Acrylic Watch Hat,Carhartt Sportswear - Mens,2,B002G9UDYG,AE7SSZYOT6UWUSBEJFS3K2RTRRTQ
1016,AH7POZBUBSXGYBGZ7WCQ5LICQUTA,True,Fits big,Good value,"January 13, 2020",james wagner,5.0,0,https://www.amazon.ca/gp/profile/amzn1.account.AH7POZBUBSXGYBGZ7WCQ5LICQUTA/ref=cm_cr_getr_d_gw_btm?ie=UTF8,2020-09-21 09:26:30.197279,2020-09-21 09:26:30.324158,Carhartt Men's Acrylic Watch Hat,Carhartt Sportswear - Mens,2,B002G9UDYG,AE7SSZYOT6UWUSBEJFS3K2RTRRTQ
1017,AGTGTI4ED53PQHWBLQW5RVJG22PQ,True,Loving it,"Love it, perfect","January 22, 2020",Amazon Customer,5.0,0,https://www.amazon.ca/gp/profile/amzn1.account.AGTGTI4ED53PQHWBLQW5RVJG22PQ/ref=cm_cr_getr_d_gw_btm?ie=UTF8,2020-09-21 09:26:30.328062,2020-09-21 09:26:30.471534,Carhartt Men's Acrylic Watch Hat,Carhartt Sportswear - Mens,2,B002G9UDYG,AE7SSZYOT6UWUSBEJFS3K2RTRRTQ
1018,AGSN3PE4IY6RREVJZR3LI5NMSEZQ,True,Fits small,"Nice hat, fits small.","April 13, 2019",Erin,4.0,0,https://www.amazon.ca/gp/profile/amzn1.account.AGSN3PE4IY6RREVJZR3LI5NMSEZQ/ref=cm_cr_getr_d_gw_btm?ie=UTF8,2020-09-21 09:26:30.475437,2020-09-21 09:26:30.601342,Carhartt Men's Acrylic Watch Hat,Carhartt Sportswear - Mens,2,B002G9UDYG,AE7SSZYOT6UWUSBEJFS3K2RTRRTQ
1019,AGGKDVPVOCDJZZXYVSM3GG7G3ZSQ,True,Not for a man. Great for a child,Way too small. Fits perfectly on my 4 year old son,"February 24, 2019",Jep LeBlanc,2.0,0,https://www.amazon.ca/gp/profile/amzn1.account.AGGKDVPVOCDJZZXYVSM3GG7G3ZSQ/ref=cm_cr_getr_d_gw_btm?ie=UTF8,2020-09-21 09:26:30.605246,2020-09-21 09:26:30.732124,Carhartt Men's Acrylic Watch Hat,Carhartt Sportswear - Mens,2,B002G9UDYG,AE7SSZYOT6UWUSBEJFS3K2RTRRTQ
1020,AGFOZXMIZJVEBXXTVIWS6XWSUPZA,True,Warm,As expected,"June 25, 2019",Bianka,5.0,0,https://www.amazon.ca/gp/profile/amzn1.account.AGFOZXMIZJVEBXXTVIWS6XWSUPZA/ref=cm_cr_getr_d_gw_btm?ie=UTF8,2020-09-21 09:26:33.865412,2020-09-21 09:26:34.017691,Carhartt Men's Acrylic Watch Hat,Carhartt Sportswear - Mens,2,B002G9UDYG,AE7SSZYOT6UWUSBEJFS3K2RTRRTQ
1021,AG26WSFCRPMKQ73NSPQU45WQ4I7A,True,Great hat,Great colour,"February 13, 2020",Lisa kisber,5.0,0,https://www.amazon.ca/gp/profile/amzn1.account.AG26WSFCRPMKQ73NSPQU45WQ4I7A/ref=cm_cr_getr_d_gw_btm?ie=UTF8,2020-09-21 09:26:34.021571,2020-09-21 09:26:34.144546,Carhartt Men's Acrylic Watch Hat,Carhartt Sportswear - Mens,2,B002G9UDYG,AE7SSZYOT6UWUSBEJFS3K2RTRRTQ
1022,AGRYGKUTWNE6S5BMDC7OLTHFGO5Q,True,Good,Good,"December 13, 2019",Paige Best,5.0,0,https://www.amazon.ca/gp/profile/amzn1.account.AGRYGKUTWNE6S5BMDC7OLTHFGO5Q/ref=cm_cr_getr_d_gw_btm?ie=UTF8,2020-09-21 09:26:34.149427,2020-09-21 09:26:34.277282,Carhartt Men's Acrylic Watch Hat,Carhartt Sportswear - Mens,2,B002G9UDYG,AE7SSZYOT6UWUSBEJFS3K2RTRRTQ
1023,AFSJQMNEHPMPFYDE4U3HJSRG3T2Q,True,Five Stars,Came as advertised with good quality,"November 6, 2017",Steven Cory Beck,5.0,0,https://www.amazon.ca/gp/profile/amzn1.account.AFSJQMNEHPMPFYDE4U3HJSRG3T2Q/ref=cm_cr_getr_d_gw_btm?ie=UTF8,2020-09-21 09:26:34.281187,2020-09-21 09:26:34.415876,Carhartt Men's Acrylic Watch Hat,Carhartt Sportswear - Mens,2,B002G9UDYG,AE7SSZYOT6UWUSBEJFS3K2RTRRTQ
1024,AHRDL3G5BMQ7UIHX2KQQHOHKLU3A,True,Fast delivery and great product,Great!!,"January 12, 2020",Natasha lillington,5.0,0,https://www.amazon.ca/gp/profile/amzn1.account.AHRDL3G5BMQ7UIHX2KQQHOHKLU3A/ref=cm_cr_getr_d_gw_btm?ie=UTF8,2020-09-21 09:26:34.419778,2020-09-21 09:26:34.548609,Carhartt Men's Acrylic Watch Hat,Carhartt Sportswear - Mens,2,B002G9UDYG,AE7SSZYOT6UWUSBEJFS3K2RTRRTQ
1025,AED2Z74KGJKGEORSYTG2XN7HE4ZQ,True,Great,Great,"November 28, 2019",Amazon Customer,5.0,0,https://www.amazon.ca/gp/profile/amzn1.account.AED2Z74KGJKGEORSYTG2XN7HE4ZQ/ref=cm_cr_getr_d_gw_btm?ie=UTF8,2020-09-21 09:26:34.553490,2020-09-21 09:26:34.684273,Carhartt Men's Acrylic Watch Hat,Carhartt Sportswear - Mens,2,B002G9UDYG,AE7SSZYOT6UWUSBEJFS3K2RTRRTQ
1026,AFLKNXAJJOQPMGZIWITA42A2HLDQ,True,Fits great!!!,Excellent!,"December 23, 2018",Heather,5.0,0,https://www.amazon.ca/gp/profile/amzn1.account.AFLKNXAJJOQPMGZIWITA42A2HLDQ/ref=cm_cr_getr_d_gw_btm?ie=UTF8,2020-09-21 09:26:34.688178,2020-09-21 09:26:34.817985,Carhartt Men's Acrylic Watch Hat,Carhartt Sportswear - Mens,2,B002G9UDYG,AE7SSZYOT6UWUSBEJFS3K2RTRRTQ
1027,AGUU7LEYJYCBSCBCAQOT5GGZKLWA,True,Love it,Amazing !,"December 11, 2018",Sofia Aizenshtein,5.0,0,https://www.amazon.ca/gp/profile/amzn1.account.AGUU7LEYJYCBSCBCAQOT5GGZKLWA/ref=cm_cr_getr_d_gw_btm?ie=UTF8,2020-09-21 09:26:34.821889,2020-09-21 09:26:34.951697,Carhartt Men's Acrylic Watch Hat,Carhartt Sportswear - Mens,2,B002G9UDYG,AE7SSZYOT6UWUSBEJFS3K2RTRRTQ
1028,AG54DKARGZTBUWTEMYZXC6QJ64JQ,True,Five Stars,It seems to be a good quality and is quite warm.,"January 8, 2018",Amazon Customer,5.0,0,https://www.amazon.ca/gp/profile/amzn1.account.AG54DKARGZTBUWTEMYZXC6QJ64JQ/ref=cm_cr_getr_d_gw_btm?ie=UTF8,2020-09-21 09:26:34.955601,2020-09-21 09:26:35.086427,Carhartt Men's Acrylic Watch Hat,Carhartt Sportswear - Mens,2,B002G9UDYG,AE7SSZYOT6UWUSBEJFS3K2RTRRTQ
1029,AFX6D3N4PXZE2VA7RYZJXNBPYPJQ,True,Great as usual,Perfect,"October 30, 2018",First time mama,5.0,0,https://www.amazon.ca/gp/profile/amzn1.account.AFX6D3N4PXZE2VA7RYZJXNBPYPJQ/ref=cm_cr_getr_d_gw_btm?ie=UTF8,2020-09-21 09:26:35.090331,2020-09-21 09:26:35.220139,Carhartt Men's Acrylic Watch Hat,Carhartt Sportswear - Mens,2,B002G9UDYG,AE7SSZYOT6UWUSBEJFS3K2RTRRTQ
1030,AGU42DTT4CDT2O345JVQVUMB5YQQ,True,Warm,"Good quality, Just a bit big","January 16, 2019",Amazon Customer,5.0,0,https://www.amazon.ca/gp/profile/amzn1.account.AGU42DTT4CDT2O345JVQVUMB5YQQ/ref=cm_cr_getr_d_gw_btm?ie=UTF8,2020-09-21 09:26:38.371958,2020-09-21 09:26:38.520308,Carhartt Men's Acrylic Watch Hat,Carhartt Sportswear - Mens,2,B002G9UDYG,AE7SSZYOT6UWUSBEJFS3K2RTRRTQ
1031,AF3FUDSFF7FQCW3C6KPM246IBUAA,True,Perfect,Is great fits great looks great holds well,"November 22, 2018",Customer,5.0,0,https://www.amazon.ca/gp/profile/amzn1.account.AF3FUDSFF7FQCW3C6KPM246IBUAA/ref=cm_cr_getr_d_gw_btm?ie=UTF8,2020-09-21 09:26:38.524211,2020-09-21 09:26:38.654996,Carhartt Men's Acrylic Watch Hat,Carhartt Sportswear - Mens,2,B002G9UDYG,AE7SSZYOT6UWUSBEJFS3K2RTRRTQ
1032,AGJFE6F4P7F3NEA5HH6SXZRQT4BQ,True,God prodact meden in USA,I like this hat good ent najs,"May 10, 2019",edward lukasiewicz,5.0,0,https://www.amazon.ca/gp/profile/amzn1.account.AGJFE6F4P7F3NEA5HH6SXZRQT4BQ/ref=cm_cr_getr_d_gw_btm?ie=UTF8,2020-09-21 09:26:38.659877,2020-09-21 09:26:38.788737,Carhartt Men's Acrylic Watch Hat,Carhartt Sportswear - Mens,2,B002G9UDYG,AE7SSZYOT6UWUSBEJFS3K2RTRRTQ
1033,AFSO3NZ2A42CAQNY7OUQFZHWTYKQ,True,THE touque for Canadian tradesman.,Big and warm and dope.,"August 30, 2018",Derek Wallis,5.0,0,https://www.amazon.ca/gp/profile/amzn1.account.AFSO3NZ2A42CAQNY7OUQFZHWTYKQ/ref=cm_cr_getr_d_gw_btm?ie=UTF8,2020-09-21 09:26:38.794593,2020-09-21 09:26:38.923431,Carhartt Men's Acrylic Watch Hat,Carhartt Sportswear - Mens,2,B002G9UDYG,AE7SSZYOT6UWUSBEJFS3K2RTRRTQ
1034,AFWNCJOKOGHETGBLP5LNFMGSGFHA,True,Good toque,Perfect,"December 27, 2019",Amazon Customer,5.0,0,https://www.amazon.ca/gp/profile/amzn1.account.AFWNCJOKOGHETGBLP5LNFMGSGFHA/ref=cm_cr_getr_d_gw_btm?ie=UTF8,2020-09-21 09:26:38.929288,2020-09-21 09:26:39.056167,Carhartt Men's Acrylic Watch Hat,Carhartt Sportswear - Mens,2,B002G9UDYG,AE7SSZYOT6UWUSBEJFS3K2RTRRTQ
1035,AGU6TLK4Z4XRI4SQMY3AROSAHKEQ,True,Fits great. Good bang for buck,Good product for price,"August 3, 2018",Mitchell Purcha,5.0,0,https://www.amazon.ca/gp/profile/amzn1.account.AGU6TLK4Z4XRI4SQMY3AROSAHKEQ/ref=cm_cr_getr_d_gw_btm?ie=UTF8,2020-09-21 09:26:39.062023,2020-09-21 09:26:39.190882,Carhartt Men's Acrylic Watch Hat,Carhartt Sportswear - Mens,2,B002G9UDYG,AE7SSZYOT6UWUSBEJFS3K2RTRRTQ
1036,AEPLNXQASUSKZ6FC7ZJLCTNLK47Q,True,My new hat,Good warm hat,"November 7, 2018",Travis gagnon,5.0,0,https://www.amazon.ca/gp/profile/amzn1.account.AEPLNXQASUSKZ6FC7ZJLCTNLK47Q/ref=cm_cr_getr_d_gw_btm?ie=UTF8,2020-09-21 09:26:39.195761,2020-09-21 09:26:39.323652,Carhartt Men's Acrylic Watch Hat,Carhartt Sportswear - Mens,2,B002G9UDYG,AE7SSZYOT6UWUSBEJFS3K2RTRRTQ
1037,AHHXFP4COE24BWFN234SJC5E7WQA,True,Good fit,Good fit,"December 11, 2019",Karl B,5.0,0,https://www.amazon.ca/gp/profile/amzn1.account.AHHXFP4COE24BWFN234SJC5E7WQA/ref=cm_cr_getr_d_gw_btm?ie=UTF8,2020-09-21 09:26:39.329506,2020-09-21 09:26:39.461310,Carhartt Men's Acrylic Watch Hat,Carhartt Sportswear - Mens,2,B002G9UDYG,AE7SSZYOT6UWUSBEJFS3K2RTRRTQ
1038,AGVNOCWPAAQL44TJPMXMSOLQ3UHA,True,Cozy,"Warm hat, looks good.","November 1, 2019",Jeremy Schlitt,5.0,0,https://www.amazon.ca/gp/profile/amzn1.account.AGVNOCWPAAQL44TJPMXMSOLQ3UHA/ref=cm_cr_getr_d_gw_btm?ie=UTF8,2020-09-21 09:26:39.466190,2020-09-21 09:26:39.618446,Carhartt Men's Acrylic Watch Hat,Carhartt Sportswear - Mens,2,B002G9UDYG,AE7SSZYOT6UWUSBEJFS3K2RTRRTQ
1039,AHLV7WQOWAWHCFDCVGCSVHY3WF7A,True,Ok,Okn,"January 12, 2020",Sumit,5.0,0,https://www.amazon.ca/gp/profile/amzn1.account.AHLV7WQOWAWHCFDCVGCSVHY3WF7A/ref=cm_cr_getr_d_gw_btm?ie=UTF8,2020-09-21 09:26:39.623325,2020-09-21 09:26:39.745325,Carhartt Men's Acrylic Watch Hat,Carhartt Sportswear - Mens,2,B002G9UDYG,AE7SSZYOT6UWUSBEJFS3K2RTRRTQ
1040,AFENSSG5VQ2DWVCUBEFTBQRIMBDA,True,Great!,Great color. As described.,"October 14, 2018",C,5.0,0,https://www.amazon.ca/gp/profile/amzn1.account.AFENSSG5VQ2DWVCUBEFTBQRIMBDA/ref=cm_cr_getr_d_gw_btm?ie=UTF8,2020-09-21 09:26:44.867816,2020-09-21 09:26:45.023975,Carhartt Men's Acrylic Watch Hat,Carhartt Sportswear - Mens,2,B002G9UDYG,AE7SSZYOT6UWUSBEJFS3K2RTRRTQ
1041,AHJKBDZCZQYR7YLFWQFCOXNLFXBA,True,One Star,Came with a stain. Amazon app won’t allow me to return.,"February 9, 2018",Steve Merriman,1.0,0,https://www.amazon.ca/gp/profile/amzn1.account.AHJKBDZCZQYR7YLFWQFCOXNLFXBA/ref=cm_cr_getr_d_gw_btm?ie=UTF8,2020-09-21 09:26:45.028879,2020-09-21 09:26:45.156710,Carhartt Men's Acrylic Watch Hat,Carhartt Sportswear - Mens,2,B002G9UDYG,AE7SSZYOT6UWUSBEJFS3K2RTRRTQ
1042,AG4B52562FCR7MRXLO5HF5CSGYKQ,True,Great,Great,"December 20, 2018",jonathan Wagstaff,5.0,0,https://www.amazon.ca/gp/profile/amzn1.account.AG4B52562FCR7MRXLO5HF5CSGYKQ/ref=cm_cr_getr_d_gw_btm?ie=UTF8,2020-09-21 09:26:45.161590,2020-09-21 09:26:45.292376,Carhartt Men's Acrylic Watch Hat,Carhartt Sportswear - Mens,2,B002G9UDYG,AE7SSZYOT6UWUSBEJFS3K2RTRRTQ
1043,AG5EV4BCBBFPL33F22AYOLGYXLTA,True,Great toque,Nice and warm,"December 11, 2019",Marcel V.,5.0,0,https://www.amazon.ca/gp/profile/amzn1.account.AG5EV4BCBBFPL33F22AYOLGYXLTA/ref=cm_cr_getr_d_gw_btm?ie=UTF8,2020-09-21 09:26:45.296278,2020-09-21 09:26:45.424133,Carhartt Men's Acrylic Watch Hat,Carhartt Sportswear - Mens,2,B002G9UDYG,AE7SSZYOT6UWUSBEJFS3K2RTRRTQ
1044,AG3GYJDQ7MOVFO43KNDXMLV4K6YA,True,Perfect 4 the Winter,Love it,"January 26, 2020",Mélissa Colin,5.0,0,https://www.amazon.ca/gp/profile/amzn1.account.AG3GYJDQ7MOVFO43KNDXMLV4K6YA/ref=cm_cr_getr_d_gw_btm?ie=UTF8,2020-09-21 09:26:45.429038,2020-09-21 09:26:45.556893,Carhartt Men's Acrylic Watch Hat,Carhartt Sportswear - Mens,2,B002G9UDYG,AE7SSZYOT6UWUSBEJFS3K2RTRRTQ
1045,AGTQYU2HKGXBLWUH4JNU2USNSGLA,True,Great,Great product,"December 6, 2019",Maksim Rudakov,5.0,0,https://www.amazon.ca/gp/profile/amzn1.account.AGTQYU2HKGXBLWUH4JNU2USNSGLA/ref=cm_cr_getr_d_gw_btm?ie=UTF8,2020-09-21 09:26:45.560773,2020-09-21 09:26:45.689637,Carhartt Men's Acrylic Watch Hat,Carhartt Sportswear - Mens,2,B002G9UDYG,AE7SSZYOT6UWUSBEJFS3K2RTRRTQ
1046,AGHCBSGCZAIZ57YBLOOYLMJRUZLQ,True,Nice,Nice,"December 9, 2019",Colbyhen,5.0,0,https://www.amazon.ca/gp/profile/amzn1.account.AGHCBSGCZAIZ57YBLOOYLMJRUZLQ/ref=cm_cr_getr_d_gw_btm?ie=UTF8,2020-09-21 09:26:45.694519,2020-09-21 09:26:45.822373,Carhartt Men's Acrylic Watch Hat,Carhartt Sportswear - Mens,2,B002G9UDYG,AE7SSZYOT6UWUSBEJFS3K2RTRRTQ
1047,AGSI2K2JS7PAXZXRRWYBNDKUNWKQ,True,Two Stars,Considerably too small,"April 25, 2018",Kody J,2.0,0,https://www.amazon.ca/gp/profile/amzn1.account.AGSI2K2JS7PAXZXRRWYBNDKUNWKQ/ref=cm_cr_getr_d_gw_btm?ie=UTF8,2020-09-21 09:26:45.827253,2020-09-21 09:26:45.957064,Carhartt Men's Acrylic Watch Hat,Carhartt Sportswear - Mens,2,B002G9UDYG,AE7SSZYOT6UWUSBEJFS3K2RTRRTQ
1048,AHULCZEC5DUVA2UFJQCJA6GEHEUQ,True,Perfect,Perfect,"August 24, 2019",Bryan Hood,5.0,0,https://www.amazon.ca/gp/profile/amzn1.account.AHULCZEC5DUVA2UFJQCJA6GEHEUQ/ref=cm_cr_getr_d_gw_btm?ie=UTF8,2020-09-21 09:26:45.960966,2020-09-21 09:26:46.087845,Carhartt Men's Acrylic Watch Hat,Carhartt Sportswear - Mens,2,B002G9UDYG,AE7SSZYOT6UWUSBEJFS3K2RTRRTQ
1049,AGTJAHA7MP7LWULWJQZ75YNZJUBA,True,quality,great quality,"November 5, 2019",Elliot,5.0,0,https://www.amazon.ca/gp/profile/amzn1.account.AGTJAHA7MP7LWULWJQZ75YNZJUBA/ref=cm_cr_getr_d_gw_btm?ie=UTF8,2020-09-21 09:26:46.091749,2020-09-21 09:26:46.217659,Carhartt Men's Acrylic Watch Hat,Carhartt Sportswear - Mens,2,B002G9UDYG,AE7SSZYOT6UWUSBEJFS3K2RTRRTQ
1050,AGYFVDWWUYWNMIMNFAJHITLDP5IQ,True,Five Stars,Super impressed with this product! Good quality and came in way sooner than expected!,"December 30, 2017",Raeven,5.0,0,https://www.amazon.ca/gp/profile/amzn1.account.AGYFVDWWUYWNMIMNFAJHITLDP5IQ/ref=cm_cr_getr_d_gw_btm?ie=UTF8,2020-09-21 09:26:48.339198,2020-09-21 09:26:48.517805,Carhartt Men's Acrylic Watch Hat,Carhartt Sportswear - Mens,2,B002G9UDYG,AE7SSZYOT6UWUSBEJFS3K2RTRRTQ
1051,AHRCFNHH77LG7BDMXUZAAOCJOLEQ,True,Five Stars,Great!,"March 15, 2018",Cathryn Campbell,5.0,0,https://www.amazon.ca/gp/profile/amzn1.account.AHRCFNHH77LG7BDMXUZAAOCJOLEQ/ref=cm_cr_getr_d_gw_btm?ie=UTF8,2020-09-21 09:26:48.523662,2020-09-21 09:26:48.674966,Carhartt Men's Acrylic Watch Hat,Carhartt Sportswear - Mens,2,B002G9UDYG,AE7SSZYOT6UWUSBEJFS3K2RTRRTQ
1052,AH7CVZRVIIT3OHWKLTCKK6LPWHVQ,True,Perfect fit,As shown,"January 20, 2019",Sandi,5.0,0,https://www.amazon.ca/gp/profile/amzn1.account.AH7CVZRVIIT3OHWKLTCKK6LPWHVQ/ref=cm_cr_getr_d_gw_btm?ie=UTF8,2020-09-21 09:26:48.679820,2020-09-21 09:26:48.808652,Carhartt Men's Acrylic Watch Hat,Carhartt Sportswear - Mens,2,B002G9UDYG,AE7SSZYOT6UWUSBEJFS3K2RTRRTQ
1053,AF2S725WN3EXXWNWDEGTOZCRW4AQ,True,:),:),"November 8, 2018",Amazon Customer,5.0,0,https://www.amazon.ca/gp/profile/amzn1.account.AF2S725WN3EXXWNWDEGTOZCRW4AQ/ref=cm_cr_getr_d_gw_btm?ie=UTF8,2020-09-21 09:26:48.813532,2020-09-21 09:26:48.941389,Carhartt Men's Acrylic Watch Hat,Carhartt Sportswear - Mens,2,B002G9UDYG,AE7SSZYOT6UWUSBEJFS3K2RTRRTQ
1054,AH6D7MI2EQGHVR5HIE7LXLZR6CEA,True,Carhartt Hat,Excellent fit and quality,"March 21, 2019",Hayley,5.0,0,https://www.amazon.ca/gp/profile/amzn1.account.AH6D7MI2EQGHVR5HIE7LXLZR6CEA/ref=cm_cr_getr_d_gw_btm?ie=UTF8,2020-09-21 09:26:48.946268,2020-09-21 09:26:49.074158,Carhartt Men's Acrylic Watch Hat,Carhartt Sportswear - Mens,2,B002G9UDYG,AE7SSZYOT6UWUSBEJFS3K2RTRRTQ
1055,AH7CVZRVIIT3OHWKLTCKK6LPWHVQ,True,Perfect fit,As shown,"January 20, 2019",Sandi,5.0,0,https://www.amazon.ca/gp/profile/amzn1.account.AH7CVZRVIIT3OHWKLTCKK6LPWHVQ/ref=cm_cr_getr_d_gw_btm?ie=UTF8,2020-09-21 09:26:49.078063,2020-09-21 09:26:49.204993,Carhartt Men's Acrylic Watch Hat,Carhartt Sportswear - Mens,2,B002G9UDYG,AE7SSZYOT6UWUSBEJFS3K2RTRRTQ
1056,AFRXDU6TOV3N55LDMYZIS5Y7DQ4A,True,Carhartt tag,The Carhartt tag was not sewed properly.,"March 16, 2019",Anonymous_425324,1.0,0,https://www.amazon.ca/gp/profile/amzn1.account.AFRXDU6TOV3N55LDMYZIS5Y7DQ4A/ref=cm_cr_getr_d_gw_btm?ie=UTF8,2020-09-21 09:26:49.209874,2020-09-21 09:26:49.338705,Carhartt Men's Acrylic Watch Hat,Carhartt Sportswear - Mens,2,B002G9UDYG,AE7SSZYOT6UWUSBEJFS3K2RTRRTQ
1057,AFK3LSHLM6T7WUHN2S7UIWD44I6A,True,Five Stars,Love it. Fits great on my 7 5/8 head. Have 3 now,"January 25, 2018",brogan,5.0,0,https://www.amazon.ca/gp/profile/amzn1.account.AFK3LSHLM6T7WUHN2S7UIWD44I6A/ref=cm_cr_getr_d_gw_btm?ie=UTF8,2020-09-21 09:26:49.342610,2020-09-21 09:26:49.472417,Carhartt Men's Acrylic Watch Hat,Carhartt Sportswear - Mens,2,B002G9UDYG,AE7SSZYOT6UWUSBEJFS3K2RTRRTQ
1058,AGYSAK5XXPF5E2RLQASCYMZ5Y33Q,True,Durn werm,Warm af,"May 27, 2019",Franknasty,5.0,0,https://www.amazon.ca/gp/profile/amzn1.account.AGYSAK5XXPF5E2RLQASCYMZ5Y33Q/ref=cm_cr_getr_d_gw_btm?ie=UTF8,2020-09-21 09:26:49.476322,2020-09-21 09:26:49.603202,Carhartt Men's Acrylic Watch Hat,Carhartt Sportswear - Mens,2,B002G9UDYG,AE7SSZYOT6UWUSBEJFS3K2RTRRTQ
1059,AGSFIEGIKDANEM7N7SRUAHGWDS7A,True,Great Toque,Good quality! Love the colour! Very reasonable price :),"November 1, 2018",Kristen C,5.0,0,https://www.amazon.ca/gp/profile/amzn1.account.AGSFIEGIKDANEM7N7SRUAHGWDS7A/ref=cm_cr_getr_d_gw_btm?ie=UTF8,2020-09-21 09:26:49.608080,2020-09-21 09:26:49.740817,Carhartt Men's Acrylic Watch Hat,Carhartt Sportswear - Mens,2,B002G9UDYG,AE7SSZYOT6UWUSBEJFS3K2RTRRTQ
1060,AEOK7W6CVNNEQCL6ONMGVDM477GQ,True,Perfect,"Really cute, fits well","November 13, 2018",Amazon Customer,5.0,0,https://www.amazon.ca/gp/profile/amzn1.account.AEOK7W6CVNNEQCL6ONMGVDM477GQ/ref=cm_cr_getr_d_gw_btm?ie=UTF8,2020-09-21 09:26:52.879671,2020-09-21 09:26:53.036762,Carhartt Men's Acrylic Watch Hat,Carhartt Sportswear - Mens,2,B002G9UDYG,AE7SSZYOT6UWUSBEJFS3K2RTRRTQ
1061,AFIS6IRHDTOEPUB4RJCTWZ77SKVQ,True,Four Stars,The hats arrived on time and looked as advertised.,"September 27, 2018",Nicole,4.0,0,https://www.amazon.ca/gp/profile/amzn1.account.AFIS6IRHDTOEPUB4RJCTWZ77SKVQ/ref=cm_cr_getr_d_gw_btm?ie=UTF8,2020-09-21 09:26:53.041641,2020-09-21 09:26:53.166568,Carhartt Men's Acrylic Watch Hat,Carhartt Sportswear - Mens,2,B002G9UDYG,AE7SSZYOT6UWUSBEJFS3K2RTRRTQ
1062,AEWSNLGWMZ65DIS7KC7RHTP74L3A,True,Cool,Cool,"December 5, 2019",jeljeli,5.0,0,https://www.amazon.ca/gp/profile/amzn1.account.AEWSNLGWMZ65DIS7KC7RHTP74L3A/ref=cm_cr_getr_d_gw_btm?ie=UTF8,2020-09-21 09:26:53.171449,2020-09-21 09:26:53.295464,Carhartt Men's Acrylic Watch Hat,Carhartt Sportswear - Mens,2,B002G9UDYG,AE7SSZYOT6UWUSBEJFS3K2RTRRTQ
1063,AFETS3LUR76SR7SQH4YVQHUGLUWA,True,Love it,Awesome hat. Thank you!,"October 15, 2018",Lena,5.0,0,https://www.amazon.ca/gp/profile/amzn1.account.AFETS3LUR76SR7SQH4YVQHUGLUWA/ref=cm_cr_getr_d_gw_btm?ie=UTF8,2020-09-21 09:26:53.299369,2020-09-21 09:26:53.424306,Carhartt Men's Acrylic Watch Hat,Carhartt Sportswear - Mens,2,B002G9UDYG,AE7SSZYOT6UWUSBEJFS3K2RTRRTQ
1064,AENLT2GIVO2F6RXMA2EHLSFM4OHQ,True,Awesome fit,Perfect every day beanie!,"April 11, 2019",Claudia L.,5.0,0,https://www.amazon.ca/gp/profile/amzn1.account.AENLT2GIVO2F6RXMA2EHLSFM4OHQ/ref=cm_cr_getr_d_gw_btm?ie=UTF8,2020-09-21 09:26:53.429185,2020-09-21 09:26:53.558993,Carhartt Men's Acrylic Watch Hat,Carhartt Sportswear - Mens,2,B002G9UDYG,AE7SSZYOT6UWUSBEJFS3K2RTRRTQ
1065,AEB7EYTH2CQIYTYVKOOOXLVEYPKQ,True,Great hat,No complaints,"January 5, 2019",Amazon Customer,5.0,0,https://www.amazon.ca/gp/profile/amzn1.account.AEB7EYTH2CQIYTYVKOOOXLVEYPKQ/ref=cm_cr_getr_d_gw_btm?ie=UTF8,2020-09-21 09:26:53.562898,2020-09-21 09:26:53.693723,Carhartt Men's Acrylic Watch Hat,Carhartt Sportswear - Mens,2,B002G9UDYG,AE7SSZYOT6UWUSBEJFS3K2RTRRTQ
1066,AHOIYNLKUKRUZPV7B34KLAQTBNEA,True,Five Stars,Bon produit tres chaud,"February 2, 2018",Martin bernard,5.0,0,https://www.amazon.ca/gp/profile/amzn1.account.AHOIYNLKUKRUZPV7B34KLAQTBNEA/ref=cm_cr_getr_d_gw_btm?ie=UTF8,2020-09-21 09:26:53.698603,2020-09-21 09:26:53.824506,Carhartt Men's Acrylic Watch Hat,Carhartt Sportswear - Mens,2,B002G9UDYG,AE7SSZYOT6UWUSBEJFS3K2RTRRTQ
1067,AGTTYYJFNQZPYH5BXUYNV7ETGVQQ,True,Toque fits perfect,Warm and thick toque is perfect,"February 17, 2019",Nicole c,4.0,0,https://www.amazon.ca/gp/profile/amzn1.account.AGTTYYJFNQZPYH5BXUYNV7ETGVQQ/ref=cm_cr_getr_d_gw_btm?ie=UTF8,2020-09-21 09:26:53.828410,2020-09-21 09:26:53.955340,Carhartt Men's Acrylic Watch Hat,Carhartt Sportswear - Mens,2,B002G9UDYG,AE7SSZYOT6UWUSBEJFS3K2RTRRTQ
1068,AHDMOZGTEIPYOCZDXTCAF6RZEHFA,True,Good quality,"Fit as expected, good quality hat","April 4, 2019",Amazon Customer,5.0,0,https://www.amazon.ca/gp/profile/amzn1.account.AHDMOZGTEIPYOCZDXTCAF6RZEHFA/ref=cm_cr_getr_d_gw_btm?ie=UTF8,2020-09-21 09:26:53.960221,2020-09-21 09:26:54.090060,Carhartt Men's Acrylic Watch Hat,Carhartt Sportswear - Mens,2,B002G9UDYG,AE7SSZYOT6UWUSBEJFS3K2RTRRTQ
1069,AGSSL6NDOKR6O36S3UKTZIVENOHA,True,Warm,Warm,"January 12, 2019",Closer ,5.0,0,https://www.amazon.ca/gp/profile/amzn1.account.AGSSL6NDOKR6O36S3UKTZIVENOHA/ref=cm_cr_getr_d_gw_btm?ie=UTF8,2020-09-21 09:26:54.093964,2020-09-21 09:26:54.221819,Carhartt Men's Acrylic Watch Hat,Carhartt Sportswear - Mens,2,B002G9UDYG,AE7SSZYOT6UWUSBEJFS3K2RTRRTQ
1070,AFSM2M5FPHEPJHIEOFJ4W4PFOE5Q,True,Warm,Awesome,"February 14, 2019",Brandon Rhodenizer,5.0,0,https://www.amazon.ca/gp/profile/amzn1.account.AFSM2M5FPHEPJHIEOFJ4W4PFOE5Q/ref=cm_cr_getr_d_gw_btm?ie=UTF8,2020-09-21 09:26:57.358354,2020-09-21 09:26:57.502802,Carhartt Men's Acrylic Watch Hat,Carhartt Sportswear - Mens,2,B002G9UDYG,AE7SSZYOT6UWUSBEJFS3K2RTRRTQ
1071,AGBZIPHO52VUPFN3EDSIVCAALLGQ,True,Five Stars,Gave to my boyfriend as a gift and he loved it. Wears it all the time !,"February 17, 2018",Kelsey S,5.0,0,https://www.amazon.ca/gp/profile/amzn1.account.AGBZIPHO52VUPFN3EDSIVCAALLGQ/ref=cm_cr_getr_d_gw_btm?ie=UTF8,2020-09-21 09:26:57.506705,2020-09-21 09:26:57.634561,Carhartt Men's Acrylic Watch Hat,Carhartt Sportswear - Mens,2,B002G9UDYG,AE7SSZYOT6UWUSBEJFS3K2RTRRTQ
1072,AGGMZZHSNQEWX7HQ2BPIB3BRPM4A,True,Fits perfect!,Super warm and comfortable,"November 4, 2018",Amazon Customer,5.0,0,https://www.amazon.ca/gp/profile/amzn1.account.AGGMZZHSNQEWX7HQ2BPIB3BRPM4A/ref=cm_cr_getr_d_gw_btm?ie=UTF8,2020-09-21 09:26:57.639442,2020-09-21 09:26:57.766320,Carhartt Men's Acrylic Watch Hat,Carhartt Sportswear - Mens,2,B002G9UDYG,AE7SSZYOT6UWUSBEJFS3K2RTRRTQ
1073,AGXEJUOAFCBL2V62VVT4ZELWC26A,True,Great product,"Just as expected, great quality","April 5, 2019",Stephanie,5.0,0,https://www.amazon.ca/gp/profile/amzn1.account.AGXEJUOAFCBL2V62VVT4ZELWC26A/ref=cm_cr_getr_d_gw_btm?ie=UTF8,2020-09-21 09:26:57.770224,2020-09-21 09:26:57.906865,Carhartt Men's Acrylic Watch Hat,Carhartt Sportswear - Mens,2,B002G9UDYG,AE7SSZYOT6UWUSBEJFS3K2RTRRTQ
1074,AHOB2ODIALO4MXLNNFPKO2QK632Q,True,Great toque.,Fits a bit tight but a great hat.,"January 7, 2019",Christopher Buccella,5.0,0,https://www.amazon.ca/gp/profile/amzn1.account.AHOB2ODIALO4MXLNNFPKO2QK632Q/ref=cm_cr_getr_d_gw_btm?ie=UTF8,2020-09-21 09:26:57.910770,2020-09-21 09:26:58.036673,Carhartt Men's Acrylic Watch Hat,Carhartt Sportswear - Mens,2,B002G9UDYG,AE7SSZYOT6UWUSBEJFS3K2RTRRTQ
1075,AFWSRVWWFXZ7K4NLMZV5P5UFJ7EQ,True,Nice hat!,Nice hat!,"January 8, 2019",Tony Tran,5.0,0,https://www.amazon.ca/gp/profile/amzn1.account.AFWSRVWWFXZ7K4NLMZV5P5UFJ7EQ/ref=cm_cr_getr_d_gw_btm?ie=UTF8,2020-09-21 09:26:58.041552,2020-09-21 09:26:58.170384,Carhartt Men's Acrylic Watch Hat,Carhartt Sportswear - Mens,2,B002G9UDYG,AE7SSZYOT6UWUSBEJFS3K2RTRRTQ
1076,AH67VTUHE7FANN2H5VSELKLV7ZGA,True,Five Stars,"Its a great hat. Warm, looks great.","January 5, 2018",A_Mick_27,5.0,0,https://www.amazon.ca/gp/profile/amzn1.account.AH67VTUHE7FANN2H5VSELKLV7ZGA/ref=cm_cr_getr_d_gw_btm?ie=UTF8,2020-09-21 09:26:58.174288,2020-09-21 09:26:58.302144,Carhartt Men's Acrylic Watch Hat,Carhartt Sportswear - Mens,2,B002G9UDYG,AE7SSZYOT6UWUSBEJFS3K2RTRRTQ
1077,AFWP5DXIWN5PHLC5DT6O2EOLY2WA,True,Great Fit,Fits beautifully. Very warm and snug!,"February 3, 2019",Lori11,4.0,0,https://www.amazon.ca/gp/profile/amzn1.account.AFWP5DXIWN5PHLC5DT6O2EOLY2WA/ref=cm_cr_getr_d_gw_btm?ie=UTF8,2020-09-21 09:26:58.306047,2020-09-21 09:26:58.434880,Carhartt Men's Acrylic Watch Hat,Carhartt Sportswear - Mens,2,B002G9UDYG,AE7SSZYOT6UWUSBEJFS3K2RTRRTQ
1078,AHCEAII2IX7ZPDKFCBOAORYUSWOQ,True,Five Stars,Great toque. Nice n warm. Love carhartt products. Fast delivery.,"January 11, 2018",TannerM,5.0,0,https://www.amazon.ca/gp/profile/amzn1.account.AHCEAII2IX7ZPDKFCBOAORYUSWOQ/ref=cm_cr_getr_d_gw_btm?ie=UTF8,2020-09-21 09:26:58.439760,2020-09-21 09:26:58.567615,Carhartt Men's Acrylic Watch Hat,Carhartt Sportswear - Mens,2,B002G9UDYG,AE7SSZYOT6UWUSBEJFS3K2RTRRTQ
1079,AFO62CEFGZP3H4BW75PTRHQNZSIA,True,Meh,Meh,"August 16, 2019",Isha peladeau,5.0,0,https://www.amazon.ca/gp/profile/amzn1.account.AFO62CEFGZP3H4BW75PTRHQNZSIA/ref=cm_cr_getr_d_gw_btm?ie=UTF8,2020-09-21 09:26:58.572495,2020-09-21 09:26:58.701366,Carhartt Men's Acrylic Watch Hat,Carhartt Sportswear - Mens,2,B002G9UDYG,AE7SSZYOT6UWUSBEJFS3K2RTRRTQ
1080,AGUVYI6YB2UBZJYDIOO4T4Q4S2OA,True,As expected,Perfect,"January 4, 2019",Elle,5.0,0,https://www.amazon.ca/gp/profile/amzn1.account.AGUVYI6YB2UBZJYDIOO4T4Q4S2OA/ref=cm_cr_getr_d_gw_btm?ie=UTF8,2020-09-21 09:27:04.825518,2020-09-21 09:27:04.958252,Carhartt Men's Acrylic Watch Hat,Carhartt Sportswear - Mens,2,B002G9UDYG,AE7SSZYOT6UWUSBEJFS3K2RTRRTQ
1081,AFFKEHMU7LZXW4QYO2XIZDCH6QAQ,True,Would reccomend!,Good quality and fits well.,"November 15, 2018",Kim,5.0,0,https://www.amazon.ca/gp/profile/amzn1.account.AFFKEHMU7LZXW4QYO2XIZDCH6QAQ/ref=cm_cr_getr_d_gw_btm?ie=UTF8,2020-09-21 09:27:04.961180,2020-09-21 09:27:05.090013,Carhartt Men's Acrylic Watch Hat,Carhartt Sportswear - Mens,2,B002G9UDYG,AE7SSZYOT6UWUSBEJFS3K2RTRRTQ
1082,AFWGT2OGPDWJJRDHH4DOKJNRIW7A,True,Tuque,Bonne tuque chaude,"January 24, 2019",Yves Lévesque,4.0,0,https://www.amazon.ca/gp/profile/amzn1.account.AFWGT2OGPDWJJRDHH4DOKJNRIW7A/ref=cm_cr_getr_d_gw_btm?ie=UTF8,2020-09-21 09:27:05.094892,2020-09-21 09:27:05.225676,Carhartt Men's Acrylic Watch Hat,Carhartt Sportswear - Mens,2,B002G9UDYG,AE7SSZYOT6UWUSBEJFS3K2RTRRTQ
1083,AESUBRGXQCTQC3EZ3O3FZTF6MMXQ,True,Great,Great,"October 29, 2018",Happy customer ,5.0,0,https://www.amazon.ca/gp/profile/amzn1.account.AESUBRGXQCTQC3EZ3O3FZTF6MMXQ/ref=cm_cr_getr_d_gw_btm?ie=UTF8,2020-09-21 09:27:05.229581,2020-09-21 09:27:05.358411,Carhartt Men's Acrylic Watch Hat,Carhartt Sportswear - Mens,2,B002G9UDYG,AE7SSZYOT6UWUSBEJFS3K2RTRRTQ
1084,AF5WYPCBH3JULHIQBQKTIUJO4ZIQ,True,Winter season household favorite!,Incredibly comfortable!,"September 28, 2018",Lora Stone McComb,4.0,0,https://www.amazon.ca/gp/profile/amzn1.account.AF5WYPCBH3JULHIQBQKTIUJO4ZIQ/ref=cm_cr_getr_d_gw_btm?ie=UTF8,2020-09-21 09:27:05.362316,2020-09-21 09:27:05.490171,Carhartt Men's Acrylic Watch Hat,Carhartt Sportswear - Mens,2,B002G9UDYG,AE7SSZYOT6UWUSBEJFS3K2RTRRTQ
1085,AEF4YPECQWOFIZBUAXRWRTIVKPJQ,True,Five Stars,"Warm, fits well","January 11, 2018",Jenny,5.0,0,https://www.amazon.ca/gp/profile/amzn1.account.AEF4YPECQWOFIZBUAXRWRTIVKPJQ/ref=cm_cr_getr_d_gw_btm?ie=UTF8,2020-09-21 09:27:05.494075,2020-09-21 09:27:05.623883,Carhartt Men's Acrylic Watch Hat,Carhartt Sportswear - Mens,2,B002G9UDYG,AE7SSZYOT6UWUSBEJFS3K2RTRRTQ
1086,AHECK7AODPW6O4B633LJJQHQ3RBA,True,Great purchase,Nice hat for the price. For sure!,"January 9, 2019",Nick Pompeo,5.0,0,https://www.amazon.ca/gp/profile/amzn1.account.AHECK7AODPW6O4B633LJJQHQ3RBA/ref=cm_cr_getr_d_gw_btm?ie=UTF8,2020-09-21 09:27:05.627787,2020-09-21 09:27:05.758571,Carhartt Men's Acrylic Watch Hat,Carhartt Sportswear - Mens,2,B002G9UDYG,AE7SSZYOT6UWUSBEJFS3K2RTRRTQ
1087,AFMXVDTYUOGI22UMOGM67T5UKICQ,True,Nice and warm,Looks and fits great,"December 23, 2018",Chris Marlow,5.0,0,https://www.amazon.ca/gp/profile/amzn1.account.AFMXVDTYUOGI22UMOGM67T5UKICQ/ref=cm_cr_getr_d_gw_btm?ie=UTF8,2020-09-21 09:27:05.762474,2020-09-21 09:27:05.928395,Carhartt Men's Acrylic Watch Hat,Carhartt Sportswear - Mens,2,B002G9UDYG,AE7SSZYOT6UWUSBEJFS3K2RTRRTQ
1088,AFJX7JIBWCLTUHRKFLGYYCTAQANQ,True,Exactly as pictured,Fantastic fit,"February 18, 2019",Amazon Customer,5.0,0,https://www.amazon.ca/gp/profile/amzn1.account.AFJX7JIBWCLTUHRKFLGYYCTAQANQ/ref=cm_cr_getr_d_gw_btm?ie=UTF8,2020-09-21 09:27:05.933274,2020-09-21 09:27:06.060232,Carhartt Men's Acrylic Watch Hat,Carhartt Sportswear - Mens,2,B002G9UDYG,AE7SSZYOT6UWUSBEJFS3K2RTRRTQ
1089,AGCZ2GR2PT3FOOYUDBIHLLFBQFZQ,True,Looks cool,Perfect,"February 18, 2019",Caleb donovan,5.0,0,https://www.amazon.ca/gp/profile/amzn1.account.AGCZ2GR2PT3FOOYUDBIHLLFBQFZQ/ref=cm_cr_getr_d_gw_btm?ie=UTF8,2020-09-21 09:27:06.064136,2020-09-21 09:27:06.195897,Carhartt Men's Acrylic Watch Hat,Carhartt Sportswear - Mens,2,B002G9UDYG,AE7SSZYOT6UWUSBEJFS3K2RTRRTQ
1090,AG7ZHAI7IA2C5B5BCFG7HYQ7OZ3Q,True,Five Stars,,"January 18, 2018",Jay,5.0,0,https://www.amazon.ca/gp/profile/amzn1.account.AG7ZHAI7IA2C5B5BCFG7HYQ7OZ3Q/ref=cm_cr_getr_d_gw_btm?ie=UTF8,2020-09-21 09:27:09.316394,2020-09-21 09:27:09.454986,Carhartt Men's Acrylic Watch Hat,Carhartt Sportswear - Mens,2,B002G9UDYG,AE7SSZYOT6UWUSBEJFS3K2RTRRTQ
1091,AEOQ4LHOOU7SJVQE2SBAOOLGIPYQ,True,Five Stars,nice,"January 25, 2018",Dalayne Deglow,5.0,0,https://www.amazon.ca/gp/profile/amzn1.account.AEOQ4LHOOU7SJVQE2SBAOOLGIPYQ/ref=cm_cr_getr_d_gw_btm?ie=UTF8,2020-09-21 09:27:09.459866,2020-09-21 09:27:09.600409,Carhartt Men's Acrylic Watch Hat,Carhartt Sportswear - Mens,2,B002G9UDYG,AE7SSZYOT6UWUSBEJFS3K2RTRRTQ
1092,AFO3O2XV72H24E5ETTF77343CI3A,True,Five Stars,Great quality and fits perfect,"February 17, 2018",Sally Ann Akin,5.0,0,https://www.amazon.ca/gp/profile/amzn1.account.AFO3O2XV72H24E5ETTF77343CI3A/ref=cm_cr_getr_d_gw_btm?ie=UTF8,2020-09-21 09:27:09.603336,2020-09-21 09:27:09.743881,Carhartt Men's Acrylic Watch Hat,Carhartt Sportswear - Mens,2,B002G9UDYG,AE7SSZYOT6UWUSBEJFS3K2RTRRTQ
1093,AGPPD6VCON5PH5IZROLBUBZPCYTQ,True,Five Stars,Nice.,"March 10, 2018",Pierre,5.0,0,https://www.amazon.ca/gp/profile/amzn1.account.AGPPD6VCON5PH5IZROLBUBZPCYTQ/ref=cm_cr_getr_d_gw_btm?ie=UTF8,2020-09-21 09:27:09.748762,2020-09-21 09:27:09.880566,Carhartt Men's Acrylic Watch Hat,Carhartt Sportswear - Mens,2,B002G9UDYG,AE7SSZYOT6UWUSBEJFS3K2RTRRTQ
1094,AHW5VMAMKWOO6IEBJZKXM4P2VHYA,True,Great product!,As expected. Excellent quality!,"October 26, 2018",Taylor,5.0,0,https://www.amazon.ca/gp/profile/amzn1.account.AHW5VMAMKWOO6IEBJZKXM4P2VHYA/ref=cm_cr_getr_d_gw_btm?ie=UTF8,2020-09-21 09:27:09.885445,2020-09-21 09:27:10.025990,Carhartt Men's Acrylic Watch Hat,Carhartt Sportswear - Mens,2,B002G9UDYG,AE7SSZYOT6UWUSBEJFS3K2RTRRTQ
1095,AGN7TNYFFBUFWCUAM6YPIJ3ZC3SQ,True,All good,Fits okay,"December 15, 2018",Timothy Pigg,4.0,0,https://www.amazon.ca/gp/profile/amzn1.account.AGN7TNYFFBUFWCUAM6YPIJ3ZC3SQ/ref=cm_cr_getr_d_gw_btm?ie=UTF8,2020-09-21 09:27:10.029893,2020-09-21 09:27:10.161653,Carhartt Men's Acrylic Watch Hat,Carhartt Sportswear - Mens,2,B002G9UDYG,AE7SSZYOT6UWUSBEJFS3K2RTRRTQ
1096,AEHQLXZFVDGDOPO6LCIMDCJAQKNQ,True,Great vest!,Love it!,"December 17, 2018",Alana,5.0,0,https://www.amazon.ca/gp/profile/amzn1.account.AEHQLXZFVDGDOPO6LCIMDCJAQKNQ/ref=cm_cr_getr_d_gw_btm?ie=UTF8,2020-09-21 09:27:10.166533,2020-09-21 09:27:10.304148,Carhartt Men's Acrylic Watch Hat,Carhartt Sportswear - Mens,2,B002G9UDYG,AE7SSZYOT6UWUSBEJFS3K2RTRRTQ
1097,AEBLB2XTEJSZPJPTFZHGYVLTKGVA,True,Fits great,Fits prefect nice and warm,"November 26, 2018",Leo,5.0,0,https://www.amazon.ca/gp/profile/amzn1.account.AEBLB2XTEJSZPJPTFZHGYVLTKGVA/ref=cm_cr_getr_d_gw_btm?ie=UTF8,2020-09-21 09:27:10.308053,2020-09-21 09:27:10.449573,Carhartt Men's Acrylic Watch Hat,Carhartt Sportswear - Mens,2,B002G9UDYG,AE7SSZYOT6UWUSBEJFS3K2RTRRTQ
1098,AGANPSWTRTJBQEH5U46DB457AI7A,True,Good fit,Fits nice,"February 8, 2019",Tho Thi,4.0,0,https://www.amazon.ca/gp/profile/amzn1.account.AGANPSWTRTJBQEH5U46DB457AI7A/ref=cm_cr_getr_d_gw_btm?ie=UTF8,2020-09-21 09:27:10.454452,2020-09-21 09:27:10.589139,Carhartt Men's Acrylic Watch Hat,Carhartt Sportswear - Mens,2,B002G9UDYG,AE7SSZYOT6UWUSBEJFS3K2RTRRTQ
1099,AEF5Z7JY4GSYNL7A7C4T72HAY33A,True,Five Stars,my head has never been so warm!,"January 18, 2016",Amazon Customer,5.0,One,https://www.amazon.ca/gp/profile/amzn1.account.AEF5Z7JY4GSYNL7A7C4T72HAY33A/ref=cm_cr_getr_d_gw_btm?ie=UTF8,2020-09-21 09:27:10.594021,2020-09-21 09:27:10.737492,Carhartt Men's Acrylic Watch Hat,Carhartt Sportswear - Mens,2,B002G9UDYG,AE7SSZYOT6UWUSBEJFS3K2RTRRTQ
1100,AGNLBZQCUDFH6E5W5OZ5OZUZHO4Q,True,Great,Great,"February 10, 2019",Amazon Customer,5.0,0,https://www.amazon.ca/gp/profile/amzn1.account.AGNLBZQCUDFH6E5W5OZ5OZUZHO4Q/ref=cm_cr_getr_d_gw_btm?ie=UTF8,2020-09-21 09:27:15.910969,2020-09-21 09:27:16.035927,Carhartt Men's Acrylic Watch Hat,Carhartt Sportswear - Mens,2,B002G9UDYG,AE7SSZYOT6UWUSBEJFS3K2RTRRTQ
1101,AEWVGFYQU7ARFN5727VUKSMY5KJQ,True,Super article,Parfaite,"February 11, 2019",Suzie Q,5.0,0,https://www.amazon.ca/gp/profile/amzn1.account.AEWVGFYQU7ARFN5727VUKSMY5KJQ/ref=cm_cr_getr_d_gw_btm?ie=UTF8,2020-09-21 09:27:16.040801,2020-09-21 09:27:16.165704,Carhartt Men's Acrylic Watch Hat,Carhartt Sportswear - Mens,2,B002G9UDYG,AE7SSZYOT6UWUSBEJFS3K2RTRRTQ
1102,AG2SB74PWGBGUCRQJA4INLUFAKPA,True,Awesome!,Awesome product!,"December 22, 2018",Joshua schellenberg!,5.0,0,https://www.amazon.ca/gp/profile/amzn1.account.AG2SB74PWGBGUCRQJA4INLUFAKPA/ref=cm_cr_getr_d_gw_btm?ie=UTF8,2020-09-21 09:27:16.169608,2020-09-21 09:27:16.298439,Carhartt Men's Acrylic Watch Hat,Carhartt Sportswear - Mens,2,B002G9UDYG,AE7SSZYOT6UWUSBEJFS3K2RTRRTQ
1103,AHAEXI6PO5Q7E53GQIVC2B7LHY6Q,True,Good purchase,Very nice hat,"January 15, 2019",Amazon Customer,5.0,0,https://www.amazon.ca/gp/profile/amzn1.account.AHAEXI6PO5Q7E53GQIVC2B7LHY6Q/ref=cm_cr_getr_d_gw_btm?ie=UTF8,2020-09-21 09:27:16.303345,2020-09-21 09:27:16.444839,Carhartt Men's Acrylic Watch Hat,Carhartt Sportswear - Mens,2,B002G9UDYG,AE7SSZYOT6UWUSBEJFS3K2RTRRTQ
1104,AEHMGJZSR3Z33M7DYUQ5W7WQZMXA,True,Five Stars,So snug ♥️,"May 2, 2018",Joshua B.,5.0,0,https://www.amazon.ca/gp/profile/amzn1.account.AEHMGJZSR3Z33M7DYUQ5W7WQZMXA/ref=cm_cr_getr_d_gw_btm?ie=UTF8,2020-09-21 09:27:16.450694,2020-09-21 09:27:16.600022,Carhartt Men's Acrylic Watch Hat,Carhartt Sportswear - Mens,2,B002G9UDYG,AE7SSZYOT6UWUSBEJFS3K2RTRRTQ
1105,AHW7SQ4KQNJC3JOD2DXLBPXRATRA,True,Five Stars,does the job well,"February 18, 2018",leslie,5.0,0,https://www.amazon.ca/gp/profile/amzn1.account.AHW7SQ4KQNJC3JOD2DXLBPXRATRA/ref=cm_cr_getr_d_gw_btm?ie=UTF8,2020-09-21 09:27:16.604903,2020-09-21 09:27:16.748375,Carhartt Men's Acrylic Watch Hat,Carhartt Sportswear - Mens,2,B002G9UDYG,AE7SSZYOT6UWUSBEJFS3K2RTRRTQ
1106,AHGXHVK3GUI72KDGIAANDYPSWNHA,True,Love it!,Warm hat 💗,"January 11, 2018",Ann Wentzell,5.0,0,https://www.amazon.ca/gp/profile/amzn1.account.AHGXHVK3GUI72KDGIAANDYPSWNHA/ref=cm_cr_getr_d_gw_btm?ie=UTF8,2020-09-21 09:27:16.753254,2020-09-21 09:27:16.896725,Carhartt Men's Acrylic Watch Hat,Carhartt Sportswear - Mens,2,B002G9UDYG,AE7SSZYOT6UWUSBEJFS3K2RTRRTQ
1107,AHN73VPRXYKZCCIEKXARZWWCIVAA,True,good materials,"Warm, good materials","December 7, 2017",Amazon Customer,5.0,0,https://www.amazon.ca/gp/profile/amzn1.account.AHN73VPRXYKZCCIEKXARZWWCIVAA/ref=cm_cr_getr_d_gw_btm?ie=UTF8,2020-09-21 09:27:16.901605,2020-09-21 09:27:17.032389,Carhartt Men's Acrylic Watch Hat,Carhartt Sportswear - Mens,2,B002G9UDYG,AE7SSZYOT6UWUSBEJFS3K2RTRRTQ
1108,AFUFMQWDYEWIEHZFH6NJZAFXJHQA,True,Size,Good color,"November 23, 2018",Eve,3.0,0,https://www.amazon.ca/gp/profile/amzn1.account.AFUFMQWDYEWIEHZFH6NJZAFXJHQA/ref=cm_cr_getr_d_gw_btm?ie=UTF8,2020-09-21 09:27:17.037269,2020-09-21 09:27:17.170982,Carhartt Men's Acrylic Watch Hat,Carhartt Sportswear - Mens,2,B002G9UDYG,AE7SSZYOT6UWUSBEJFS3K2RTRRTQ
1109,AGQEBZP5HTYG4MWQT2H62VNWDYBA,True,Good,Good,"October 21, 2018",Matt J,5.0,0,https://www.amazon.ca/gp/profile/amzn1.account.AGQEBZP5HTYG4MWQT2H62VNWDYBA/ref=cm_cr_getr_d_gw_btm?ie=UTF8,2020-09-21 09:27:17.176837,2020-09-21 09:27:17.327140,Carhartt Men's Acrylic Watch Hat,Carhartt Sportswear - Mens,2,B002G9UDYG,AE7SSZYOT6UWUSBEJFS3K2RTRRTQ
1110,AFBHBW2O5MCKHGREQC4AEI5SB4HQ,True,The orange color is so bright that it's hard to look at.,Otherwise it's fine.,"September 7, 2016",Claire McGarry,3.0,One,https://www.amazon.ca/gp/profile/amzn1.account.AFBHBW2O5MCKHGREQC4AEI5SB4HQ/ref=cm_cr_getr_d_gw_btm?ie=UTF8,2020-09-21 09:27:23.484061,2020-09-21 09:27:23.678242,Carhartt Men's Acrylic Watch Hat,Carhartt Sportswear - Mens,2,B002G9UDYG,AE7SSZYOT6UWUSBEJFS3K2RTRRTQ
1111,AEXYODXL4IDTMF5DEMQAODNLOPAQ,True,Five Stars,Exactly what I was wanting,"December 4, 2017",Brendan Desjarlais,5.0,0,https://www.amazon.ca/gp/profile/amzn1.account.AEXYODXL4IDTMF5DEMQAODNLOPAQ/ref=cm_cr_getr_d_gw_btm?ie=UTF8,2020-09-21 09:27:23.685072,2020-09-21 09:27:23.842210,Carhartt Men's Acrylic Watch Hat,Carhartt Sportswear - Mens,2,B002G9UDYG,AE7SSZYOT6UWUSBEJFS3K2RTRRTQ
1112,AGNOGXNLGUTM4DZNRI4RV7CKOTUA,True,Five Stars,Nice,"December 12, 2017",Joel wincikaby,5.0,0,https://www.amazon.ca/gp/profile/amzn1.account.AGNOGXNLGUTM4DZNRI4RV7CKOTUA/ref=cm_cr_getr_d_gw_btm?ie=UTF8,2020-09-21 09:27:23.847112,2020-09-21 09:27:23.977871,Carhartt Men's Acrylic Watch Hat,Carhartt Sportswear - Mens,2,B002G9UDYG,AE7SSZYOT6UWUSBEJFS3K2RTRRTQ
1113,AFN36BMSGY5XF5AIUBWQBSPKLJJA,True,Five Stars,As expected,"January 11, 2018",Sam Drujan,5.0,0,https://www.amazon.ca/gp/profile/amzn1.account.AFN36BMSGY5XF5AIUBWQBSPKLJJA/ref=cm_cr_getr_d_gw_btm?ie=UTF8,2020-09-21 09:27:23.981774,2020-09-21 09:27:24.117438,Carhartt Men's Acrylic Watch Hat,Carhartt Sportswear - Mens,2,B002G9UDYG,AE7SSZYOT6UWUSBEJFS3K2RTRRTQ
1114,AHWOIEJXONI3NTSPG6QL5PWEX36A,True,Five Stars,rad,"June 5, 2018",Adam,5.0,0,https://www.amazon.ca/gp/profile/amzn1.account.AHWOIEJXONI3NTSPG6QL5PWEX36A/ref=cm_cr_getr_d_gw_btm?ie=UTF8,2020-09-21 09:27:24.121343,2020-09-21 09:27:24.250174,Carhartt Men's Acrylic Watch Hat,Carhartt Sportswear - Mens,2,B002G9UDYG,AE7SSZYOT6UWUSBEJFS3K2RTRRTQ
1115,AGWDDXTUGUA5TBIDLKPVRV3LTBOA,True,Five Stars,perfect fit and colour,"December 4, 2017",M,5.0,0,https://www.amazon.ca/gp/profile/amzn1.account.AGWDDXTUGUA5TBIDLKPVRV3LTBOA/ref=cm_cr_getr_d_gw_btm?ie=UTF8,2020-09-21 09:27:24.255055,2020-09-21 09:27:24.388766,Carhartt Men's Acrylic Watch Hat,Carhartt Sportswear - Mens,2,B002G9UDYG,AE7SSZYOT6UWUSBEJFS3K2RTRRTQ
1116,AER355ZTEWDLM537N7UDI3FQL7DQ,True,Five Stars,Best hat.,"December 16, 2017",Isaac,5.0,0,https://www.amazon.ca/gp/profile/amzn1.account.AER355ZTEWDLM537N7UDI3FQL7DQ/ref=cm_cr_getr_d_gw_btm?ie=UTF8,2020-09-21 09:27:24.393647,2020-09-21 09:27:24.546877,Carhartt Men's Acrylic Watch Hat,Carhartt Sportswear - Mens,2,B002G9UDYG,AE7SSZYOT6UWUSBEJFS3K2RTRRTQ
1117,AECGAEZJM25YKJRB3DTVZGAIFRYA,True,Five Stars,great!!,"January 1, 2018",Jenny Hoang,5.0,0,https://www.amazon.ca/gp/profile/amzn1.account.AECGAEZJM25YKJRB3DTVZGAIFRYA/ref=cm_cr_getr_d_gw_btm?ie=UTF8,2020-09-21 09:27:24.550816,2020-09-21 09:27:24.670863,Carhartt Men's Acrylic Watch Hat,Carhartt Sportswear - Mens,2,B002G9UDYG,AE7SSZYOT6UWUSBEJFS3K2RTRRTQ
1118,AEU73JIDLXMVAHC7DU7NZWLO5HRQ,True,good fit,good fit good price,"February 12, 2016",colin neudorf,5.0,One,https://www.amazon.ca/gp/profile/amzn1.account.AEU73JIDLXMVAHC7DU7NZWLO5HRQ/ref=cm_cr_getr_d_gw_btm?ie=UTF8,2020-09-21 09:27:24.675743,2020-09-21 09:27:24.807502,Carhartt Men's Acrylic Watch Hat,Carhartt Sportswear - Mens,2,B002G9UDYG,AE7SSZYOT6UWUSBEJFS3K2RTRRTQ
1119,AHY26JAEIU4DJMR4MQ6E4S7F3MRA,True,Five Stars,Perfect hat,"January 6, 2016",Amazon Customer,5.0,One,https://www.amazon.ca/gp/profile/amzn1.account.AHY26JAEIU4DJMR4MQ6E4S7F3MRA/ref=cm_cr_getr_d_gw_btm?ie=UTF8,2020-09-21 09:27:24.812383,2020-09-21 09:27:24.987085,Carhartt Men's Acrylic Watch Hat,Carhartt Sportswear - Mens,2,B002G9UDYG,AE7SSZYOT6UWUSBEJFS3K2RTRRTQ
1120,AE76CWBPYR3Z2JB5TLXLTAMZGJKQ,True,"It so cold now in Quebec, that hell itself is frozen.","Greetings,

The saying that synthetic matter will keep you as warm and will be more agreeable to wear is completely false.When it is cold, nothing beats wool,
and at -30 C, there is one and only one thing; the Russian Chapka, a fur hat that you wear with the flaps up attached over the head in mild colds, with flaps down, covering your ears in the coldest of situations. A warmer temperature will give me plenty of occasions to wear my blue Carhartt.

Regards and Happy New Year,

Frédérick Turgeon","December 30, 2017",Frédérick,4.0,3,https://www.amazon.ca/gp/profile/amzn1.account.AE76CWBPYR3Z2JB5TLXLTAMZGJKQ/ref=cm_cr_getr_d_gw_btm?ie=UTF8,2020-09-21 09:27:30.101201,2020-09-21 09:27:30.247602,Carhartt Men's Acrylic Watch Hat,Carhartt Sportswear - Mens,2,B002G9UDYG,AE7SSZYOT6UWUSBEJFS3K2RTRRTQ
1121,AGD3LH2JSG57J2QN2ZISPGRTF3VQ,True,One Star,Very cheap fabrique. Fake,"October 8, 2017",Berk Delevi,1.0,One,https://www.amazon.ca/gp/profile/amzn1.account.AGD3LH2JSG57J2QN2ZISPGRTF3VQ/ref=cm_cr_getr_d_gw_btm?ie=UTF8,2020-09-21 09:27:30.252480,2020-09-21 09:27:30.402783,Carhartt Men's Acrylic Watch Hat,Carhartt Sportswear - Mens,2,B002G9UDYG,AE7SSZYOT6UWUSBEJFS3K2RTRRTQ
1122,AELBSTCP5N7CRRYJOBZWGLMYQMGQ,True,Excellent,Very nice tuke recommended 👍🏼,"October 14, 2017",Josh,5.0,0,https://www.amazon.ca/gp/profile/amzn1.account.AELBSTCP5N7CRRYJOBZWGLMYQMGQ/ref=cm_cr_getr_d_gw_btm?ie=UTF8,2020-09-21 09:27:30.408640,2020-09-21 09:27:30.547230,Carhartt Men's Acrylic Watch Hat,Carhartt Sportswear - Mens,2,B002G9UDYG,AE7SSZYOT6UWUSBEJFS3K2RTRRTQ
1123,AHU7Z27363VTYAXUH32IHJQQS7ZQ,True,The toque arrived with the colours running on the label like a girl crying with cheap mascara,FAAAAAAAAKE ! The toque arrived with the colours running on the label like a girl crying with cheap mascara,"October 21, 2017",sukh johal,1.0,One,https://www.amazon.ca/gp/profile/amzn1.account.AHU7Z27363VTYAXUH32IHJQQS7ZQ/ref=cm_cr_getr_d_gw_btm?ie=UTF8,2020-09-21 09:27:30.552111,2020-09-21 09:27:30.688750,Carhartt Men's Acrylic Watch Hat,Carhartt Sportswear - Mens,2,B002G9UDYG,AE7SSZYOT6UWUSBEJFS3K2RTRRTQ
1124,AEARCDWJ5RKC6KIDYM755GZBPG4A,False,"Low Quality Work, 3 hats all same defect","I have now had 3 different hats, all dark blue navy, start to come apart at the top of the hat within 2 weeks of regular use. First one i returned a got an exchange, the second one was worse and started coming apart one day into use. This third one i figured i would give one last try and its come apart after 1 weekend of ice fishing. A friend has a brown which is fine and still holding up, so mabye its just this version (it says ""made in USA of US and imported parts.....) which are made trash. The hats are warm and look nice, but the quality of carhartt gear has steadily gone down now that all the casual normies start wearing construction gear to identify with the working class. Make no mistake, just like every other company that gets picked up by the mainstream, this company has its days numbered","February 10, 2020",Forst squires,1.0,0,https://www.amazon.ca/gp/profile/amzn1.account.AEARCDWJ5RKC6KIDYM755GZBPG4A/ref=cm_cr_getr_d_gw_btm?ie=UTF8,2020-09-21 09:27:30.694610,2020-09-21 09:27:30.828320,Carhartt Men's Acrylic Watch Hat,Carhartt Sportswear - Mens,2,B002G9UDYG,AE7SSZYOT6UWUSBEJFS3K2RTRRTQ
1125,AFXKQVJR3HEIK7HJQPXG3USPYCEA,False,Fake carhartt for some colors and the real ones are HUGE,FAKE!! You can clearly see the difference in the size and logo between the blue (fake) and black(real) The writing isnt the same font at all and carhartt C is too yellow and non textured. Also didnt come with tags. Also the black hat that was ordered for me as a gift is HUGE measuring 11 inches long with the flap folded up.. so I dont know how this size would fit all. Honestly the fake one fits better.,"February 19, 2020",shawn,1.0,0,https://www.amazon.ca/gp/profile/amzn1.account.AFXKQVJR3HEIK7HJQPXG3USPYCEA/ref=cm_cr_getr_d_gw_btm?ie=UTF8,2020-09-21 09:27:30.834174,2020-09-21 09:27:30.960078,Carhartt Men's Acrylic Watch Hat,Carhartt Sportswear - Mens,2,B002G9UDYG,AE7SSZYOT6UWUSBEJFS3K2RTRRTQ
1126,AHOG2QZTM5NI4UE7NZOGKHVPL7SA,False,Label not high quality,"For some reason the label looks to be a cheap rendition of Carthart, quality of the hat is good but the logo looks a bit like a knock off and has some bleeding in it from the ink. cant attach photo as sent as gift already","November 28, 2018",Sma,4.0,0,https://www.amazon.ca/gp/profile/amzn1.account.AHOG2QZTM5NI4UE7NZOGKHVPL7SA/ref=cm_cr_getr_d_gw_btm?ie=UTF8,2020-09-21 09:27:30.965935,2020-09-21 09:27:31.093795,Carhartt Men's Acrylic Watch Hat,Carhartt Sportswear - Mens,2,B002G9UDYG,AE7SSZYOT6UWUSBEJFS3K2RTRRTQ
1127,AGPAEGHJYT5D4ZAIBR4FNWSCHIEA,False,STYLISH!,"I love this hat, cheap, good quality and looks great. Super comfy. Would buy again in another colour!","December 17, 2018",Dan A,5.0,0,https://www.amazon.ca/gp/profile/amzn1.account.AGPAEGHJYT5D4ZAIBR4FNWSCHIEA/ref=cm_cr_getr_d_gw_btm?ie=UTF8,2020-09-21 09:27:31.098671,2020-09-21 09:27:31.224616,Carhartt Men's Acrylic Watch Hat,Carhartt Sportswear - Mens,2,B002G9UDYG,AE7SSZYOT6UWUSBEJFS3K2RTRRTQ
1128,AGWHLYVEJI5MWFPULCUCCPME7U2Q,False,Great Toque for Winter,Bought this for my husband for working outdoors in the cold winter months. It fits well under his hard hat and keeps him warm. Will buy again!,"December 11, 2017",Rachel K.,5.0,0,https://www.amazon.ca/gp/profile/amzn1.account.AGWHLYVEJI5MWFPULCUCCPME7U2Q/ref=cm_cr_getr_d_gw_btm?ie=UTF8,2020-09-21 09:27:31.229496,2020-09-21 09:27:31.352471,Carhartt Men's Acrylic Watch Hat,Carhartt Sportswear - Mens,2,B002G9UDYG,AE7SSZYOT6UWUSBEJFS3K2RTRRTQ
1129,AFY6YLYPTZILM2VEZ3UKO66FV34Q,False,Le monsieur est content,Bonne tuque pour un entre saison et voyante comme désiré,"November 2, 2019",martin boisvert,5.0,0,https://www.amazon.ca/gp/profile/amzn1.account.AFY6YLYPTZILM2VEZ3UKO66FV34Q/ref=cm_cr_getr_d_gw_btm?ie=UTF8,2020-09-21 09:27:31.356374,2020-09-21 09:27:31.474472,Carhartt Men's Acrylic Watch Hat,Carhartt Sportswear - Mens,2,B002G9UDYG,AE7SSZYOT6UWUSBEJFS3K2RTRRTQ
1130,AEA5LPGHSNV7UXIUTVZIGCACS6FQ,False,Good buy,Love it ! Great for Canadian winters,"August 13, 2020",Pedro A,4.0,0,https://www.amazon.ca/gp/profile/amzn1.account.AEA5LPGHSNV7UXIUTVZIGCACS6FQ/ref=cm_cr_getr_d_gw_btm?ie=UTF8,2020-09-21 09:27:33.633821,2020-09-21 09:27:33.771435,Carhartt Men's Acrylic Watch Hat,Carhartt Sportswear - Mens,2,B002G9UDYG,AE7SSZYOT6UWUSBEJFS3K2RTRRTQ
1131,AHBCKU4DIDEEDXT277DRS3UKO6FQ,False,Great quality,Great quality and from carhartt I am not surprised. made in the USA and warm,"November 9, 2018",Ryan,5.0,0,https://www.amazon.ca/gp/profile/amzn1.account.AHBCKU4DIDEEDXT277DRS3UKO6FQ/ref=cm_cr_getr_d_gw_btm?ie=UTF8,2020-09-21 09:27:33.775338,2020-09-21 09:27:33.891483,Carhartt Men's Acrylic Watch Hat,Carhartt Sportswear - Mens,2,B002G9UDYG,AE7SSZYOT6UWUSBEJFS3K2RTRRTQ
1132,AHBPW7EOMJWXRU7JNKAFZZAP4ZMQ,False,Warm and fits ALL head sizes.,"This ""toque"" is warm even in the Canadian cold weather. Will fit ALL head sizes.","November 9, 2018",Amazon Customer,4.0,0,https://www.amazon.ca/gp/profile/amzn1.account.AHBPW7EOMJWXRU7JNKAFZZAP4ZMQ/ref=cm_cr_getr_d_gw_btm?ie=UTF8,2020-09-21 09:27:33.895389,2020-09-21 09:27:34.010555,Carhartt Men's Acrylic Watch Hat,Carhartt Sportswear - Mens,2,B002G9UDYG,AE7SSZYOT6UWUSBEJFS3K2RTRRTQ
1133,AFPABJRTAN6RXQHMX35OFP7HX4ZA,False,Good,"Nice , hot and thick","November 13, 2019",Pascal Rollin,5.0,0,https://www.amazon.ca/gp/profile/amzn1.account.AFPABJRTAN6RXQHMX35OFP7HX4ZA/ref=cm_cr_getr_d_gw_btm?ie=UTF8,2020-09-21 09:27:34.014458,2020-09-21 09:27:34.129626,Carhartt Men's Acrylic Watch Hat,Carhartt Sportswear - Mens,2,B002G9UDYG,AE7SSZYOT6UWUSBEJFS3K2RTRRTQ
1134,AGMUCMALQQSQ4DXUP6IU4FYJQE4A,False,Wish they had carhartt brown,"Love these toques! Soft and fit as expected. Don’t put them in the wash though! They become brittle and scratchy to the touch. Wish they had “carhartt brown” as an option for colouring, however. Kind of a shame.","January 19, 2019",Reanna Newsome,4.0,0,https://www.amazon.ca/gp/profile/amzn1.account.AGMUCMALQQSQ4DXUP6IU4FYJQE4A/ref=cm_cr_getr_d_gw_btm?ie=UTF8,2020-09-21 09:27:34.134507,2020-09-21 09:27:34.253578,Carhartt Men's Acrylic Watch Hat,Carhartt Sportswear - Mens,2,B002G9UDYG,AE7SSZYOT6UWUSBEJFS3K2RTRRTQ
1135,AG2IEQ3MFIBMMT4SQ25EKL2D3CVA,False,Sound happy,Sounds happy,"December 18, 2018",Zhan TYUTYUNIK,5.0,0,https://www.amazon.ca/gp/profile/amzn1.account.AG2IEQ3MFIBMMT4SQ25EKL2D3CVA/ref=cm_cr_getr_d_gw_btm?ie=UTF8,2020-09-21 09:27:34.258458,2020-09-21 09:27:34.375578,Carhartt Men's Acrylic Watch Hat,Carhartt Sportswear - Mens,2,B002G9UDYG,AE7SSZYOT6UWUSBEJFS3K2RTRRTQ
1136,AGXUR3XR2B53BWYM46TCACE7UAYQ,False,Great Quality,This hat is great quality and exactly as described!!! great pricing and definitely will be purchasing more colors in the future!!!,"November 18, 2019",Amazon Customer,5.0,0,https://www.amazon.ca/gp/profile/amzn1.account.AGXUR3XR2B53BWYM46TCACE7UAYQ/ref=cm_cr_getr_d_gw_btm?ie=UTF8,2020-09-21 09:27:34.379482,2020-09-21 09:27:34.498553,Carhartt Men's Acrylic Watch Hat,Carhartt Sportswear - Mens,2,B002G9UDYG,AE7SSZYOT6UWUSBEJFS3K2RTRRTQ
1137,AFWCHXONJS6DPHK4NZ4DTUF7KVYQ,False,Good price for a carhartt,Nice great fit,"December 29, 2019",Amazon Customer,5.0,0,https://www.amazon.ca/gp/profile/amzn1.account.AFWCHXONJS6DPHK4NZ4DTUF7KVYQ/ref=cm_cr_getr_d_gw_btm?ie=UTF8,2020-09-21 09:27:34.502457,2020-09-21 09:27:34.622505,Carhartt Men's Acrylic Watch Hat,Carhartt Sportswear - Mens,2,B002G9UDYG,AE7SSZYOT6UWUSBEJFS3K2RTRRTQ
1138,AGC7TEJH54RSB2AWEDV277CKKNCA,False,High quality hat!,Great hat! Bought it for me and my boyfriend and we love them. The quality is amazing and it feels awesome. I recommend it!,"January 8, 2020",Veronica ,5.0,0,https://www.amazon.ca/gp/profile/amzn1.account.AGC7TEJH54RSB2AWEDV277CKKNCA/ref=cm_cr_getr_d_gw_btm?ie=UTF8,2020-09-21 09:27:34.626408,2020-09-21 09:27:34.744505,Carhartt Men's Acrylic Watch Hat,Carhartt Sportswear - Mens,2,B002G9UDYG,AE7SSZYOT6UWUSBEJFS3K2RTRRTQ
1139,AERGSIJOMNDGBT2GNKFGDVCBZJEQ,False,Five Stars,"Nice toque, very basic yet fits in every outfit. Loving it.","February 2, 2018",Gabriel,5.0,0,https://www.amazon.ca/gp/profile/amzn1.account.AERGSIJOMNDGBT2GNKFGDVCBZJEQ/ref=cm_cr_getr_d_gw_btm?ie=UTF8,2020-09-21 09:27:34.748408,2020-09-21 09:27:34.868456,Carhartt Men's Acrylic Watch Hat,Carhartt Sportswear - Mens,2,B002G9UDYG,AE7SSZYOT6UWUSBEJFS3K2RTRRTQ
1140,AEMO7KXVHEGWG66JL5MI4XBKAUGA,False,Shipping exactly as promised,"Arrived on time and as advertised, would definitely order from here again","January 25, 2020",Roy,4.0,0,https://www.amazon.ca/gp/profile/amzn1.account.AEMO7KXVHEGWG66JL5MI4XBKAUGA/ref=cm_cr_getr_d_gw_btm?ie=UTF8,2020-09-21 09:27:38.992730,2020-09-21 09:27:39.121561,Carhartt Men's Acrylic Watch Hat,Carhartt Sportswear - Mens,2,B002G9UDYG,AE7SSZYOT6UWUSBEJFS3K2RTRRTQ
1141,AGDUYV6CAPH6L5IGDJ3RY44AZVEA,False,"Good purchase, as expected","Bought two colours but Love the mustard colour, bought it for my SO but ended up “borrowing” it everyday","February 2, 2019",Vanessa M.,5.0,0,https://www.amazon.ca/gp/profile/amzn1.account.AGDUYV6CAPH6L5IGDJ3RY44AZVEA/ref=cm_cr_getr_d_gw_btm?ie=UTF8,2020-09-21 09:27:39.126441,2020-09-21 09:27:39.251369,Carhartt Men's Acrylic Watch Hat,Carhartt Sportswear - Mens,2,B002G9UDYG,AE7SSZYOT6UWUSBEJFS3K2RTRRTQ
1142,AEA2MG3HIEAP2QJFRU225YARMAJQ,False,Five Stars,carhart quality,"October 18, 2017",David,5.0,0,https://www.amazon.ca/gp/profile/amzn1.account.AEA2MG3HIEAP2QJFRU225YARMAJQ/ref=cm_cr_getr_d_gw_btm?ie=UTF8,2020-09-21 09:27:39.255272,2020-09-21 09:27:39.379224,Carhartt Men's Acrylic Watch Hat,Carhartt Sportswear - Mens,2,B002G9UDYG,AE7SSZYOT6UWUSBEJFS3K2RTRRTQ
1143,AESRIUKQATVZRZDMPO5H2MZU54GQ,False,J'ai une grosse tete pis elle me fait bien!,L'hiver canadien,"November 12, 2019",Client d'Amazon,5.0,0,https://www.amazon.ca/gp/profile/amzn1.account.AESRIUKQATVZRZDMPO5H2MZU54GQ/ref=cm_cr_getr_d_gw_btm?ie=UTF8,2020-09-21 09:27:39.383130,2020-09-21 09:27:39.503177,Carhartt Men's Acrylic Watch Hat,Carhartt Sportswear - Mens,2,B002G9UDYG,AE7SSZYOT6UWUSBEJFS3K2RTRRTQ
1144,AHD42D7NG3LRZY4FMS27XM2Q4JFQ,False,Super,Vraiment confortable!!!!,"March 29, 2018",Amazon Customer,5.0,0,https://www.amazon.ca/gp/profile/amzn1.account.AHD42D7NG3LRZY4FMS27XM2Q4JFQ/ref=cm_cr_getr_d_gw_btm?ie=UTF8,2020-09-21 09:27:39.507081,2020-09-21 09:27:39.623224,Carhartt Men's Acrylic Watch Hat,Carhartt Sportswear - Mens,2,B002G9UDYG,AE7SSZYOT6UWUSBEJFS3K2RTRRTQ
1145,AGTYHCZTPMG6KP7DQW2VVF333KPA,False,the perfect toque,love the quality and fit,"November 7, 2019",Moises portillo,5.0,0,https://www.amazon.ca/gp/profile/amzn1.account.AGTYHCZTPMG6KP7DQW2VVF333KPA/ref=cm_cr_getr_d_gw_btm?ie=UTF8,2020-09-21 09:27:39.627128,2020-09-21 09:27:39.747177,Carhartt Men's Acrylic Watch Hat,Carhartt Sportswear - Mens,2,B002G9UDYG,AE7SSZYOT6UWUSBEJFS3K2RTRRTQ
1146,AHPRQVH4FXRBOFJQCKZ5ITIN4LKQ,False,😊,😊,"October 17, 2018",Lorna Failler,5.0,0,https://www.amazon.ca/gp/profile/amzn1.account.AHPRQVH4FXRBOFJQCKZ5ITIN4LKQ/ref=cm_cr_getr_d_gw_btm?ie=UTF8,2020-09-21 09:27:39.752056,2020-09-21 09:27:39.887719,Carhartt Men's Acrylic Watch Hat,Carhartt Sportswear - Mens,2,B002G9UDYG,AE7SSZYOT6UWUSBEJFS3K2RTRRTQ
1147,AHC3SBSVBWRFDE6QXKQIRGWRIX2A,False,Weird trend,You are a hipster if your reading this,"May 3, 2020",Colin,3.0,0,https://www.amazon.ca/gp/profile/amzn1.account.AHC3SBSVBWRFDE6QXKQIRGWRIX2A/ref=cm_cr_getr_d_gw_btm?ie=UTF8,2020-09-21 09:27:39.892600,2020-09-21 09:27:40.017527,Carhartt Men's Acrylic Watch Hat,Carhartt Sportswear - Mens,2,B002G9UDYG,AE7SSZYOT6UWUSBEJFS3K2RTRRTQ
1148,AFNOJXVT34SEGNJ7T3KAIYYHYT7A,False,Tout a fait conforme à la description,"Très bien par -20!
Vraiment très agréable et esthétique.","December 27, 2018",Louis Seco,5.0,0,https://www.amazon.ca/gp/profile/amzn1.account.AFNOJXVT34SEGNJ7T3KAIYYHYT7A/ref=cm_cr_getr_d_gw_btm?ie=UTF8,2020-09-21 09:27:40.021431,2020-09-21 09:27:40.135622,Carhartt Men's Acrylic Watch Hat,Carhartt Sportswear - Mens,2,B002G9UDYG,AE7SSZYOT6UWUSBEJFS3K2RTRRTQ
1149,AG5MS2UR445W6BO3YB2TWGK3RM5Q,False,Good Quality,"Good quality, very warm.","January 22, 2019",Laura,5.0,0,https://www.amazon.ca/gp/profile/amzn1.account.AG5MS2UR445W6BO3YB2TWGK3RM5Q/ref=cm_cr_getr_d_gw_btm?ie=UTF8,2020-09-21 09:27:40.141479,2020-09-21 09:27:40.250792,Carhartt Men's Acrylic Watch Hat,Carhartt Sportswear - Mens,2,B002G9UDYG,AE7SSZYOT6UWUSBEJFS3K2RTRRTQ
1150,AHZWDJCQM2CF3DI3GK6N4URXBDOA,False,Not fake,Good,"December 12, 2019",Lina P.,5.0,0,https://www.amazon.ca/gp/profile/amzn1.account.AHZWDJCQM2CF3DI3GK6N4URXBDOA/ref=cm_cr_getr_d_gw_btm?ie=UTF8,2020-09-21 09:27:42.402867,2020-09-21 09:27:42.550241,Carhartt Men's Acrylic Watch Hat,Carhartt Sportswear - Mens,2,B002G9UDYG,AE7SSZYOT6UWUSBEJFS3K2RTRRTQ
1151,AEZIU2VFZYCD5J6GGHUR543JMJPQ,False,bon look,bon look,"December 10, 2018",polo,5.0,0,https://www.amazon.ca/gp/profile/amzn1.account.AEZIU2VFZYCD5J6GGHUR543JMJPQ/ref=cm_cr_getr_d_gw_btm?ie=UTF8,2020-09-21 09:27:42.554145,2020-09-21 09:27:42.669313,Carhartt Men's Acrylic Watch Hat,Carhartt Sportswear - Mens,2,B002G9UDYG,AE7SSZYOT6UWUSBEJFS3K2RTRRTQ
1152,AHBKZ2OABQV42P6PRJRSBK34E5NQ,False,Exactly what I expected,"Exactly what I expected, colour and fit!","November 27, 2018",Jenna K.,5.0,0,https://www.amazon.ca/gp/profile/amzn1.account.AHBKZ2OABQV42P6PRJRSBK34E5NQ/ref=cm_cr_getr_d_gw_btm?ie=UTF8,2020-09-21 09:27:42.673217,2020-09-21 09:27:42.789363,Carhartt Men's Acrylic Watch Hat,Carhartt Sportswear - Mens,2,B002G9UDYG,AE7SSZYOT6UWUSBEJFS3K2RTRRTQ
1153,AHX5W5UNWUX2VZIC5O6JWDMMLCDA,False,Five Stars,"It was better than exptected, so I ordered another! Very happy!!","November 28, 2017",Jodie,5.0,0,https://www.amazon.ca/gp/profile/amzn1.account.AHX5W5UNWUX2VZIC5O6JWDMMLCDA/ref=cm_cr_getr_d_gw_btm?ie=UTF8,2020-09-21 09:27:42.794241,2020-09-21 09:27:42.910384,Carhartt Men's Acrylic Watch Hat,Carhartt Sportswear - Mens,2,B002G9UDYG,AE7SSZYOT6UWUSBEJFS3K2RTRRTQ
1154,AFBXTPJCD2LA2PKDJOJ2RLIPGSMA,False,Five Stars,I like it,"February 21, 2018",yutong chen,5.0,0,https://www.amazon.ca/gp/profile/amzn1.account.AFBXTPJCD2LA2PKDJOJ2RLIPGSMA/ref=cm_cr_getr_d_gw_btm?ie=UTF8,2020-09-21 09:27:42.917216,2020-09-21 09:27:43.032384,Carhartt Men's Acrylic Watch Hat,Carhartt Sportswear - Mens,2,B002G9UDYG,AE7SSZYOT6UWUSBEJFS3K2RTRRTQ
1155,AHBJURYLYY5YNOW5ZEPEQ7LD2DEQ,True,Toque,Nice quality toque for a great price. Got one in 3 colours for each of my boys.,"November 11, 2019",Debbie,5.0,0,https://www.amazon.ca/gp/profile/amzn1.account.AHBJURYLYY5YNOW5ZEPEQ7LD2DEQ/ref=cm_cr_getr_d_gw_btm?ie=UTF8,2020-09-21 09:27:43.037264,2020-09-21 09:27:43.164143,Carhartt Men's Acrylic Watch Hat,Carhartt Sportswear - Mens,2,B002G9UDYG,AE7SSZYOT6UWUSBEJFS3K2RTRRTQ
1156,AGMZHLY2ECROW3UFT3KNIFJIC7QQ,True,Great service and product!,Beautiful hat! My son loved it! Fast shipping too!,"November 25, 2019",MICHELLE D.,5.0,0,https://www.amazon.ca/gp/profile/amzn1.account.AGMZHLY2ECROW3UFT3KNIFJIC7QQ/ref=cm_cr_getr_d_gw_btm?ie=UTF8,2020-09-21 09:27:43.168048,2020-09-21 09:27:43.296880,Carhartt Men's Acrylic Watch Hat,Carhartt Sportswear - Mens,2,B002G9UDYG,AE7SSZYOT6UWUSBEJFS3K2RTRRTQ
1157,AFNUUM2IKRIVNIDW5JDPTKJODMQQ,True,Excellent touque does it’s job.,Excellent touque does it’s job. no complaints,"November 19, 2019",Amazon Customer,5.0,0,https://www.amazon.ca/gp/profile/amzn1.account.AFNUUM2IKRIVNIDW5JDPTKJODMQQ/ref=cm_cr_getr_d_gw_btm?ie=UTF8,2020-09-21 09:27:43.300784,2020-09-21 09:27:43.424775,Carhartt Men's Acrylic Watch Hat,Carhartt Sportswear - Mens,2,B002G9UDYG,AE7SSZYOT6UWUSBEJFS3K2RTRRTQ
1158,AHY2Z73ZI5TKRRKXV7MCM5HFFVRA,True,Nice and bright,"Fits as expected, color is as bright as pictured.","November 29, 2019",S. Jorge,5.0,0,https://www.amazon.ca/gp/profile/amzn1.account.AHY2Z73ZI5TKRRKXV7MCM5HFFVRA/ref=cm_cr_getr_d_gw_btm?ie=UTF8,2020-09-21 09:27:43.428678,2020-09-21 09:27:43.553645,Carhartt Men's Acrylic Watch Hat,Carhartt Sportswear - Mens,2,B002G9UDYG,AE7SSZYOT6UWUSBEJFS3K2RTRRTQ
1159,AG2QLMMYDRHMFHC6BKXN6IL4RPKQ,True,very warm,I am gonna order again.REALLY LIKED IT,"September 29, 2019",Selim ADA,5.0,0,https://www.amazon.ca/gp/profile/amzn1.account.AG2QLMMYDRHMFHC6BKXN6IL4RPKQ/ref=cm_cr_getr_d_gw_btm?ie=UTF8,2020-09-21 09:27:43.558558,2020-09-21 09:27:43.684496,Carhartt Men's Acrylic Watch Hat,Carhartt Sportswear - Mens,2,B002G9UDYG,AE7SSZYOT6UWUSBEJFS3K2RTRRTQ
1160,AF2UPYGIOMKHMSH5XCQ7LKTLVWXQ,True,"Good toque, cheaper at Kent though","Good toque, cheaper at Kent though","January 31, 2019",James,5.0,0,https://www.amazon.ca/gp/profile/amzn1.account.AF2UPYGIOMKHMSH5XCQ7LKTLVWXQ/ref=cm_cr_getr_d_gw_btm?ie=UTF8,2020-09-21 09:27:45.808591,2020-09-21 09:27:45.954966,Carhartt Men's Acrylic Watch Hat,Carhartt Sportswear - Mens,2,B002G9UDYG,AE7SSZYOT6UWUSBEJFS3K2RTRRTQ
1161,AFYNIFBSOZ4ARTNFKQKVQBTP6IVA,True,Love it,Great hat,"September 11, 2019",Alana,5.0,0,https://www.amazon.ca/gp/profile/amzn1.account.AFYNIFBSOZ4ARTNFKQKVQBTP6IVA/ref=cm_cr_getr_d_gw_btm?ie=UTF8,2020-09-21 09:27:45.959846,2020-09-21 09:27:46.087703,Carhartt Men's Acrylic Watch Hat,Carhartt Sportswear - Mens,2,B002G9UDYG,AE7SSZYOT6UWUSBEJFS3K2RTRRTQ
1162,AHAFU6UWXP6WAIQ2OZVNHHTZKZNQ,True,Best price!,Best price for carhartt toques you will find anywhere! Fit on my husband and myself and we love them!,"August 23, 2019",Kelsey,5.0,0,https://www.amazon.ca/gp/profile/amzn1.account.AHAFU6UWXP6WAIQ2OZVNHHTZKZNQ/ref=cm_cr_getr_d_gw_btm?ie=UTF8,2020-09-21 09:27:46.092583,2020-09-21 09:27:46.220469,Carhartt Men's Acrylic Watch Hat,Carhartt Sportswear - Mens,2,B002G9UDYG,AE7SSZYOT6UWUSBEJFS3K2RTRRTQ
1163,AGLNWVWTN5T3VBBBG3ZRMCMMDPEA,True,5/5,5/5,"April 19, 2019",Jax,5.0,0,https://www.amazon.ca/gp/profile/amzn1.account.AGLNWVWTN5T3VBBBG3ZRMCMMDPEA/ref=cm_cr_getr_d_gw_btm?ie=UTF8,2020-09-21 09:27:46.224371,2020-09-21 09:27:46.349372,Carhartt Men's Acrylic Watch Hat,Carhartt Sportswear - Mens,2,B002G9UDYG,AE7SSZYOT6UWUSBEJFS3K2RTRRTQ
